17170432,17301503
18219008,18350079
19267584,19398655
28966912,29097983
90532864,90533119
220209152,220211199
220212224,220212479
220217088,220217343
220302848,220303103
220306432,220306943
220309504,220310527
220311552,220313599
220430336,220432639
220444928,220446975
220448768,220459007
222756864,222789631
224957440,224957695
224959744,224959999
225050624,225051647
225062400,225062911
225108992,225109503
225129984,225130239
226361344,226492415
232787968,232790271
233308160,233570303
234383616,234383871
234386688,234386943
234475520,234487807
234976256,234979327
241172480,241434623
241565696,241598463
241606656,241607679
241613824,241614847
241623040,241627135
243990528,244318207
247463936,247464959
247467008,247469055
247470080,247472127
247477248,247478271
247595008,247726079
264306688,264306943
265158656,265289727
266062080,266062335
285305344,285305599
289956608,289956863
289958400,289958655
289960448,289960959
290193408,290210047
290210560,290258943
290295296,290295807
290301952,290302463
290310144,290312191
293520640,293520895
300503040,300511231
300523520,300527615
301074688,301074943
301088768,301090815
301091072,301091327
301091584,301092863
301507072,301507327
338066944,338069503
338165760,338169855
338176000,338182143
338280448,338296831
338393088,338395135
338436096,338444287
344343040,344346623
344371200,344371455
344388096,344388351
344674304,344674559
344674816,344675071
344675328,344675583
344675840,344676607
344677376,344677887
344678144,344678399
345379328,345379583
345380864,345381119
348033280,348033791
348040704,348041471
348127232,348153855
385999872,386000383
386007040,386007295
386089984,386090239
386090752,386091007
386091776,386092031
386244864,386245119
386322432,386326527
386445312,386449407
386461696,386465791
386469888,386473983
386482176,386486271
386494464,386498559
386519040,386521087
386521344,386522111
386522368,386522879
386527488,386528255
386528512,386529023
386529280,386529535
386529792,386530303
386530560,386531327
386539520,386543615
386588672,386592767
386651648,386651903
386808832,386809855
386869248,386869503
386894336,386894591
386908672,386909183
387980288,387980543
388083712,388083967
388084480,388084735
388086016,388086271
388099072,388099583
388165888,388169727
388170240,388171775
388172032,388172799
388173568,388173823
388178176,388178431
388178688,388178943
388179968,388180223
388190208,388193023
388193280,388194303
388208384,388208639
388514560,388514815
388988416,388988671
389013760,389014271
389017856,389018111
389019392,389019903
389021440,389021695
389100800,389101055
389104384,389104639
389104896,389105151
389105664,389105919
389106176,389106431
389106688,389107199
389221376,389222399
389302528,389302783
389316608,389317119
389317632,389318143
389421056,389421567
389422080,389422591
389458944,389459967
389614848,389615615
389629184,389629439
389630720,389631231
389631488,389631999
389643264,389644287
389660672,389673983
389674240,389688319
389688576,389698047
389702400,389702911
389703168,389703423
389703680,389704191
389704960,389705215
389705472,389705727
389750528,389750783
389788672,389789183
389851392,389851647
389894400,389896703
389896960,389898239
389942272,389942783
389951488,389951999
390070272,390071039
390103552,390103807
390104064,390104575
390104832,390105087
390160384,390165503
390167552,390167807
390280704,390281215
390304768,390305279
391115264,391115519
392662016,392662271
392690944,392691199
398490112,398490623
398495744,398499839
398503936,398508031
398674432,398674687
398941184,398942207
398978048,398979071
399003392,399003647
399019264,399019519
399187968,399188735
399188992,399190015
399195904,399196159
399276032,399278079
399279104,399279615
399322624,399322879
399366144,399367167
399367936,399368191
399429376,399429631
399474688,399474943
399475200,399475455
399477760,399478015
399478528,399479039
399479552,399479807
399480320,399480575
399564288,399564799
399639808,399640063
399782400,399782655
399785472,399785983
399851520,399852031
399852800,399853567
399854080,399854335
399855104,399855615
399856128,399856383
399856640,399856895
399857152,399858175
399858432,399858687
399859456,399859711
399921664,399921919
399922432,399922687
399929600,399929855
399968256,399968511
399993600,399993855
400110848,400111103
400133120,400133375
400372736,400373759
401430784,401431039
452997120,453001215
453019648,453023743
453027840,453031935
453036032,453037055
453040128,453044223
453047296,453050367
453246976,453509119
455274496,455278591
456130560,456261631
456262656,456263679
456564736,456572927
456654848,457179135
459298816,459299839
459341824,459407359
459541504,459542527
459544576,459545599
459931648,459964415
459997184,460062719
460128256,460136447
460277760,460278783
460355584,460356607
460454912,460455935
460591104,460593151
460597248,460598271
460599296,460601343
460726272,460726527
460726784,460727551
460729344,460734463
460940288,460941311
460995584,460996607
461062144,461078527
461101056,461102079
461107200,461108223
461109248,461110271
461125632,461126655
461228032,461229055
461623296,461625343
469237760,469499903
469729280,469762047
520965888,520966143
539656192,539660287
576898048,576901119
576903168,576903679
576904192,576905215
597295104,597360639
620691456,620699647
620707840,620708863
620712960,620715007
620716800,620717055
620719104,620720127
620725248,620726271
620731392,620732415
620734464,620735487
620737536,620739583
620741632,620743679
620744704,620745727
620748800,620751871
620752896,620753919
620754944,620756991
675674880,675675391
676249600,676251647
676320512,676321023
676322048,676322303
676343808,676345855
676347904,676356095
676413440,676421631
676454400,676462591
676845568,676848639
676853504,676854015
677180928,677181439
677246464,677246975
677307392,677307647
677309696,677310207
677377536,677378047
677677056,677678591
678136320,678136831
678165504,678166015
678438656,678438911
679350528,679351039
679358208,679358463
679442176,679442687
710961152,710962175
711168000,711168255
711168512,711168767
711169280,711169535
711171072,711171327
711175168,711175423
711176192,711176447
711176704,711176959
711177216,711177471
711458816,711983103
736100352,736101375
736102400,736103423
736124928,736125951
736133120,736136191
736140288,736141311
736142336,736143359
736144384,736145407
736146432,736147455
736156672,736157695
736164864,736166911
736169984,736173055
736179200,736180223
736183296,736185343
736189440,736190463
736195584,736196607
736206848,736209919
736214016,736214271
736215040,736216063
736220160,736221183
736229376,736230399
736231936,736232447
736238592,736239615
736301056,736303103
736329728,736331775
736354304,736355327
736359424,736360447
736380928,736381951
736386048,736388095
736391168,736392191
736398336,736399359
736405504,736406527
736407552,736408575
736418816,736421887
736430080,736431103
736434176,736435199
736446464,736447487
736448512,736449535
736450560,736452607
736453632,736455679
736468992,736470015
736479232,736480255
736485376,736486399
736502784,736505855
736509952,736510975
736520192,736521215
736527360,736528383
736531456,736532479
736533504,736535551
736537600,736538623
736539648,736539903
736540672,736541695
736543744,736545791
736547840,736548863
736571392,736574463
736588800,736591871
736592896,736593919
736611328,736612351
736613376,736615423
736618496,736621567
736622592,736624639
737096704,737099775
737100800,737101823
737102848,737104895
737105920,737106943
737111040,737113087
737115136,737118207
737120256,737121279
737122304,737123327
737126400,737127423
737132544,737139711
737141760,737142783
737143808,737146879
737149952,737151999
737165312,737166335
737220608,737222655
737223680,737224703
737224960,737225727
737229824,737232895
737244160,737249279
737250304,737252351
737263616,737264639
737289216,737290239
737306624,737307647
737309696,737312767
737333248,737335295
737337344,737339391
737342464,737343487
737354752,737355775
737364992,737367039
737389568,737390591
737399808,737400831
737476608,737478655
737479680,737480703
737481728,737482751
737499136,737500159
737502208,737503231
737511424,737512447
737514496,737515519
737516544,737517567
737529856,737530879
737567744,737570815
737572864,737574911
737576960,737581055
737582080,737584127
737602560,737607679
737614848,737615871
737617920,737618943
737620992,737622015
737642496,737645567
737647616,737649663
737681408,737683455
737690624,737692671
737712128,737713151
737729536,737730559
737733632,737735679
737737728,737738751
737751040,737753087
737760256,737761279
737784832,737787903
737794048,737795071
737796096,737799167
737814528,737815551
737835008,737836031
737838080,737839103
737844224,737845247
737846272,737847295
737857536,737858559
737868800,737870847
737874432,737874943
737888256,737889279
737890304,737891327
737892352,737894399
737901568,737902591
737906688,737908735
737912832,737916159
737917952,737918975
737924096,737927167
737936384,737937407
737941504,737944575
737950720,737951743
737957888,737959935
737960960,737961983
737965056,737966079
737971200,737972223
737983488,737986559
737987584,737988607
737991680,737992191
737996800,737997823
737998848,737999871
738073600,738075647
738076672,738077695
738078720,738079743
738094080,738095103
738107392,738108415
738111488,738112511
738118656,738119679
738120704,738121727
738165760,738166783
738167808,738168831
738173952,738174975
738188288,738189311
757610496,757611519
757804032,757805055
758684928,758685183
759171072,759174143
759190528,759191551
759192576,759193599
759195648,759196671
759198208,759198719
759208960,759209983
759214080,759215103
759217152,759220223
759221248,759227391
759229440,759230463
759236608,759237631
759243776,759245823
759246848,759248895
762314752,762315775
762316800,762320895
762321920,762323967
762324992,762326015
762327040,762330111
762332160,762333183
762349568,762350591
762351616,762353663
762358784,762359807
762361856,762362879
762363904,762364927
762365952,762366975
762376192,762377215
762378240,762380287
762396160,762397695
762399744,762400767
762402816,762403839
762404864,762407935
762415104,762416127
762419200,762420223
762426368,762427391
762428416,762429439
762437632,762438655
762443776,762444799
762455040,762456063
762458112,762459135
762460160,762467327
762481664,762486783
762490880,762491903
762494976,762495999
762500096,762502143
762507264,762510335
762511360,762514431
762518528,762519551
762524672,762527743
762530816,762531839
762533888,762536959
762537984,762540031
762541824,762542079
762544640,762545151
762547200,762548223
762549248,762550271
762554368,762557439
762558464,762560511
762575872,762578943
762584064,762585087
762588160,762589183
762591232,762592255
762594304,762595327
762598400,762599423
762603520,762604543
762605568,762609663
762614784,762615807
762622976,762630143
762635264,762636287
762641408,762644479
762649600,762650623
762653696,762656767
762658816,762659839
762660864,762661887
762665984,762667007
762670080,762673151
762675200,762676223
762677248,762678271
762680320,762681343
762688512,762690559
762693632,762695679
762696704,762700799
762701824,762702847
762705920,762706943
762707968,762717183
762719232,762723327
762726400,762727423
762728448,762736639
762737664,762739711
762740736,762741759
762746880,762754303
762754560,762755071
762757120,762770431
762775552,762783743
762784768,762786815
762787840,762788863
762796032,762797055
762802176,762803199
762806272,762810367
762811392,762812415
762816512,762824703
762830848,762832895
762833920,762834943
762835968,762838015
762841088,762846207
762847232,762848255
762848512,762848767
762849280,762850303
762853376,762855423
762857472,762858495
762861568,762863615
762869760,762871807
762873856,762874879
762875904,762876927
762880000,762881023
762883072,762884095
762887168,762888191
762893312,762894335
762898432,762900479
762902528,762909695
762911744,762912767
762915840,762916863
762924032,762925055
762930176,762931199
762932224,762938367
762944512,762945535
762947584,762948607
762952704,762953727
762960896,762964991
762981376,762982399
763000832,763003903
763005952,763010047
763035648,763040767
763041792,763042815
763059200,763060223
763063296,763064319
763072512,763073535
763076608,763077631
763090944,763091967
763102208,763103231
763113472,763114495
763125760,763126783
763127808,763129343
763130880,763132927
763133952,763134975
763137024,763142143
763147264,763152383
763158528,763164671
763175936,763177983
763182080,763183103
763184128,763185151
763196416,763197439
763200512,763201535
763202560,763207679
763210752,763214847
763220992,763222015
763229440,763229695
763234304,763235327
763236352,763238399
763239424,763242495
763248640,763250687
763258880,763259903
763267072,763268095
763269120,763270143
763273216,763274239
763275264,763278335
763280384,763281407
763282432,763285503
763291648,763293695
763295744,763297023
763297280,763297791
763301888,763304959
763308032,763310079
763311104,763313151
763314176,763321343
763323392,763326463
763328512,763329535
763332608,763333631
763345920,763350015
763351040,763353087
763354112,763360255
763635456,763635711
763737344,763737599
771227648,771229695
771230720,771237375
771237888,771238911
771241984,771245055
771251200,771252223
771256320,771259391
771262464,771263487
771267584,771277823
771303424,771308543
771310592,771315711
771320832,771321855
771323904,771334143
771335168,771339263
771348992,771349503
771351552,771355647
771356672,771361791
771369984,771374079
771375104,771377151
771401728,771402751
771412992,771415039
771416064,771417087
771418112,771419135
771421184,771423231
771427328,771428351
771431424,771435519
771436544,771437567
771439616,771440639
771441664,771442687
771443712,771445759
771453952,771454975
771483648,771485695
771486720,771489791
771507200,771511295
771535872,771536895
771538432,771538687
771719168,771719423
783259648,783260671
788008960,788009471
789053440,789184511
789250048,789315583
789512192,789577727
790429696,790626303
794385152,794385407
794390528,794391807
804660992,804661247
804664064,804664319
804666880,804667391
804716544,804782079
823001088,823132159
824180736,825229311
825376768,825393151
830499840,830500863
830513152,830517247
830996480,831258623
831519744,831520767
832323584,832348159
835190784,835715071
837550080,837566463
837689344,837697535
838336512,838467583
875439360,875439615
875442432,875442687
876740608,876806143
877945856,877949951
877999104,878000639
878043648,878043903
878508032,878509055
878535168,878535679
878580736,878580991
878657536,878666751
878704896,878705151
878846720,878846975
878859776,878860543
879200256,879200767
879216640,879217151
879345664,879346175
879347712,879347967
879504384,879504895
879511808,879512063
879552000,879552511
879572992,879576063
879822336,879822591
879829760,879830015
879837952,879838207
879892480,879894527
879896576,879897599
879901696,879902719
880576000,880576511
880577024,880577279
880585472,880585727
880599552,880599807
880600576,880600831
880605952,880606207
881332224,881332735
881334272,881334527
881336320,881344511
881590272,881639423
882851840,882860031
883687424,883752959
884441088,884457471
886783488,886785023
886996992,887001087
887009280,887013375
888112896,888113151
888126208,888126719
888130048,888130303
888491008,888492031
888493056,888494079
888496128,888497151
888750080,888758271
889042176,889042431
889044736,889044991
917956352,917956607
917959168,917959423
917959936,917960191
918600704,918601727
921060352,921061375
921091072,921092095
921673728,921674751
921680896,921681919
962359296,962363391
962592768,962594815
968638208,968638463
973209600,973275135
977534976,977567743
978586624,978587647
978588672,978590719
978597888,978599935
982671360,982679551
995622912,996409343
996654848,996661247
999292928,999423999
999827456,999828479
999830528,999832575
999837696,999838719
999847936,999848959
999882752,999883775
999891968,999892991
999907328,999908351
999913472,999914495
1000341504,1000734719
1001390080,1002045439
1022558208,1022623743
1023279104,1023311871
1023317504,1023318015
1023410176,1023672319
1023967232,1023975423
1024131072,1024163839
1024196608,1024229375
1024379904,1024380927
1024386048,1024387071
1024491520,1024589823
1025299200,1025299455
1029668864,1029701631
1039532032,1039597567
1039654912,1039663103
1046792192,1046792703
1062219520,1062219775
1064171008,1064171263
1070646016,1070646271
1071318784,1071319039
1072707328,1072707583
1083142400,1083142655
1090294016,1090294271
1090294784,1090295039
1090296576,1090297087
1105558528,1105559039
1105564160,1105564671
1107238912,1107239679
1107240192,1107240447
1110918400,1110918655
1134441472,1134441727
1152864256,1152868351
1152906240,1152907263
1160323328,1160323583
1160324096,1160324351
1176648192,1176648447
1176793344,1176793599
1183057664,1183057919
1183061760,1183062527
1201146368,1201146623
1201147136,1201147647
1201159424,1201159679
1201160704,1201161215
1201163520,1201163775
1201164288,1201164799
1201172992,1201173247
1224085504,1224085759
1224100864,1224101887
1224120320,1224121343
1224127488,1224128511
1224140800,1224141311
1224144128,1224144383
1224160256,1224160767
1224202752,1224203263
1224205312,1224206335
1289724672,1289724927
1289729024,1289729535
1289731072,1289731839
1297302528,1297303039
1346584832,1346585087
1347145728,1347146495
1347148544,1347148799
1347149568,1347149823
1412795136,1412795391
1425438464,1425438719
1439380480,1439380991
1533487360,1533487615
1539204096,1539204351
1540654080,1540654335
1551368192,1551368703
1602273792,1602274559
1603080960,1603081471
1603081984,1603083007
1603083264,1603084287
1611015680,1611016191
1666027776,1666028031
1666359296,1666359551
1666582784,1666588671
1666590976,1666595071
1694507008,1694515199
1694629888,1694662655
1698004992,1698013183
1708130304,1709178879
1728120320,1728120575
1728139264,1728140287
1728144384,1728145407
1728147456,1728148479
1728150528,1728152575
1728168960,1728169983
1728204800,1728205823
1728218112,1728219135
1728243712,1728246783
1728258048,1728259071
1728260096,1728261119
1728302080,1728303103
1728308224,1728309247
1728367616,1728367871
1728368640,1728369663
1728371712,1728372735
1728375040,1728375295
1728378880,1728380927
1728385024,1728386047
1728398848,1728399103
1728400896,1728401151
1728402432,1728403455
1728409600,1728410623
1728414720,1728415743
1728428032,1728430079
1728432128,1728433151
1728443392,1728444415
1728446976,1728447231
1728453120,1728453631
1728454656,1728455167
1728468736,1728469247
1728469504,1728470015
1728480256,1728481279
1728486400,1728487423
1728488448,1728488703
1728489216,1728489471
1728493568,1728494591
1728512768,1728513023
1728528384,1728529407
1728532480,1728533503
1728539648,1728540671
1728544768,1728545791
1728549120,1728549375
1728549888,1728550911
1728553216,1728553471
1728558080,1728559103
1728564224,1728565247
1728586752,1728589823
1728593408,1728593663
1728607232,1728608255
1728609024,1728610303
1728615424,1728616447
1728619520,1728620543
1728625664,1728626175
1728627200,1728627711
1728632576,1728633855
1728641024,1728642047
1728646144,1728647167
1728661504,1728662527
1728668416,1728668671
1728699904,1728700415
1728700672,1728700927
1728702464,1728703487
1728710912,1728711167
1728714752,1728715775
1728736512,1728736767
1728738304,1728739327
1728742400,1728743423
1728751616,1728751871
1728754688,1728755711
1728756736,1728757759
1728761856,1728762879
1728765440,1728765695
1728765952,1728766975
1728768512,1728769023
1728772096,1728773375
1728779264,1728779519
1728794624,1728796671
1728803840,1728804863
1728813056,1728814079
1728831488,1728832511
1728833536,1728834559
1728839936,1728840191
1728845824,1728846847
1728869376,1728870399
1728871424,1728872447
1728873472,1728874495
1728879616,1728880127
1728882688,1728883711
1728888832,1728889855
1728893696,1728893951
1728902400,1728902911
1728905216,1728905471
1728905728,1728906239
1728929792,1728930815
1728931840,1728934911
1728939776,1728940031
1728950784,1728951551
1728952064,1728952319
1728961280,1728961535
1728967168,1728967423
1728971264,1728971519
1728982528,1728982783
1728995328,1728996351
1728997376,1728998399
1729001472,1729003519
1729011712,1729012735
1729016832,1729017855
1729018880,1729019903
1729020928,1729021951
1729024000,1729025023
1729030144,1729031167
1729049600,1729053695
1729055232,1729055487
1729056768,1729057791
1729068032,1729068287
1729076992,1729077247
1729081344,1729081599
1729082112,1729082367
1729094656,1729095679
1729099776,1729100543
1729100800,1729101823
1729103360,1729103871
1729104896,1729105663
1729108992,1729111039
1729113088,1729114111
1729114624,1729114879
1729116160,1729117183
1729119232,1729120255
1729121280,1729121535
1729127424,1729127935
1729128448,1729129471
1729137664,1729139711
1729143808,1729144831
1729146880,1729147903
1729152000,1729152255
1729153024,1729154047
1729158400,1729158911
1729167360,1729168383
1729171968,1729172223
1729179648,1729180671
1729187840,1729189887
1729191936,1729195007
1729195520,1729196031
1729200128,1729201151
1729207296,1729208319
1729217024,1729217535
1729249280,1729252351
1729259520,1729260543
1729263616,1729264639
1729268736,1729269759
1729271808,1729272063
1729272832,1729273087
1729273344,1729273599
1729274880,1729276927
1729288192,1729289215
1729294848,1729295103
1729296384,1729297407
1729302784,1729303551
1729308416,1729308671
1729311744,1729312767
1729320960,1729321983
1729331200,1729331711
1729332224,1729335295
1729336320,1729338367
1729341440,1729341951
1729348608,1729350655
1729352704,1729353471
1729353984,1729354239
1729355776,1729356799
1729361920,1729362943
1729371136,1729372159
1729378560,1729378815
1729380352,1729381375
1729390592,1729391103
1729395968,1729396735
1729405952,1729406207
1729418240,1729419263
1729419776,1729420031
1729433600,1729433855
1729434112,1729434623
1729442816,1729443839
1729444352,1729444863
1729446400,1729446911
1729448960,1729449983
1729450496,1729451007
1729461248,1729462271
1729470464,1729471487
1729476608,1729477631
1729488896,1729490943
1729530880,1729531903
1729539072,1729540095
1729544192,1729545215
1729555456,1729556479
1729566720,1729567743
1729568000,1729568255
1729590784,1729591295
1729592320,1729593343
1729596416,1729596671
1729598976,1729599231
1729615360,1729615615
1729620992,1729622015
1729631232,1729632255
1729635328,1729636351
1729637888,1729638143
1729641472,1729642495
1729646592,1729648639
1729653760,1729654783
1729657856,1729658879
1729660672,1729660927
1729670144,1729671167
1729672192,1729673215
1729674240,1729675263
1729677312,1729678335
1729685504,1729686527
1729691648,1729693695
1729694208,1729694719
1729702912,1729703935
1729713152,1729714175
1729723392,1729726463
1729730560,1729731583
1729734656,1729736703
1729743872,1729744895
1729748992,1729750015
1729750784,1729751039
1729759232,1729760255
1729769472,1729772543
1729775616,1729776127
1729781760,1729782783
1729783808,1729785855
1729800192,1729800703
1729808384,1729808895
1729809408,1729810431
1729812480,1729813503
1729814528,1729815551
1729816576,1729817599
1729823232,1729823487
1729824768,1729825791
1729826816,1729827839
1729835008,1729836031
1729844224,1729845247
1729853440,1729853695
1729858560,1729859583
1729864704,1729866751
1729882112,1729883135
1729915136,1729915391
1729924096,1729925119
1729928192,1729929215
1729934336,1729935359
1729949696,1729950207
1729950720,1729951743
1729952768,1729953791
1729960960,1729961215
1729961984,1729964031
1729965056,1729966079
1729978368,1729979391
1729983488,1729984511
1729993728,1729994751
1730004224,1730004479
1730007040,1730008063
1730010112,1730011135
1730013184,1730014207
1730017280,1730017791
1730022400,1730023167
1730035712,1730036735
1730039808,1730040831
1730049024,1730050047
1730055168,1730056191
1730058240,1730059263
1730064384,1730065407
1730076672,1730077695
1730083840,1730084863
1730121728,1730122751
1730132992,1730134015
1730139136,1730140159
1730360320,1730361343
1730364416,1730365439
1730370048,1730370303
1730372608,1730373631
1730377728,1730378239
1730378496,1730378751
1730380800,1730381823
1730383360,1730383615
1730387968,1730389503
1730396160,1730398207
1730402560,1730402815
1730406400,1730407423
1730408448,1730410495
1730423808,1730425855
1730430720,1730430975
1730432000,1730435071
1730439168,1730440191
1730443264,1730445311
1730450688,1730450943
1730476800,1730477055
1730483200,1730483711
1730497536,1730499583
1730524160,1730525183
1730529280,1730529791
1730544640,1730545663
1730546688,1730547711
1730552832,1730553855
1730555904,1730556927
1730561024,1730562047
1730566144,1730566655
1730575360,1730577407
1730588672,1730589695
1730592000,1730592767
1730594816,1730596863
1730605056,1730606079
1730609152,1730610687
1730611200,1730612223
1730616320,1730617343
1730622976,1730623231
1730638848,1730639871
1730641920,1730643967
1730644736,1730644991
1730649088,1730650111
1730669568,1730670079
1730670592,1730672639
1730673408,1730673663
1730686976,1730687999
1730689024,1730692095
1730693120,1730694143
1730695168,1730695423
1730717696,1730718719
1730724864,1730727935
1730742784,1730743295
1730745344,1730752511
1730754560,1730755071
1730762752,1730763775
1730764800,1730766847
1730777088,1730778111
1730783744,1730783999
1730785536,1730785791
1730790400,1730791423
1730795008,1730795519
1730800640,1730801663
1730809856,1730810367
1730824192,1730825215
1730827264,1730829311
1730834944,1730835455
1730837504,1730838527
1730845696,1730847743
1730849792,1730850815
1730853888,1730854143
1730854912,1730856959
1730858496,1730859007
1730869248,1730870271
1730871808,1730873343
1730879488,1730881023
1730881536,1730882559
1730887936,1730888191
1730891776,1730893055
1730899968,1730900223
1730900480,1730900991
1730910208,1730911231
1730912256,1730913279
1730922496,1730923519
1730929664,1730929919
1730930432,1730930687
1730934784,1730936063
1730936832,1730937855
1730939904,1730940927
1730941440,1730941695
1730949120,1730951167
1730961408,1730962431
1730963456,1730964479
1730966528,1730967551
1730971648,1730973695
1730976768,1730977791
1730980864,1730981887
1730993408,1730993663
1731117056,1731118847
1731119104,1731120127
1731127296,1731130367
1731136512,1731138559
1731141632,1731142655
1731144704,1731145727
1731146752,1731148799
1731149824,1731152895
1731153408,1731153919
1731156480,1731158015
1731160064,1731161087
1731165184,1731166207
1731171328,1731172863
1731173376,1731178495
1731181056,1731181311
1731183616,1731184639
1731188736,1731189759
1731193856,1731194879
1731207168,1731208191
1731210240,1731211263
1731211776,1731212287
1731213312,1731218431
1731222016,1731222527
1731223552,1731228671
1731230720,1731231743
1731244032,1731247103
1731249152,1731250175
1731253248,1731253759
1731263488,1731264511
1731277824,1731279871
1731281920,1731282175
1731294208,1731296255
1731302144,1731302399
1731303424,1731304447
1731316736,1731316991
1731317248,1731317503
1731321856,1731322879
1731323904,1731324927
1731325952,1731327487
1731329024,1731330047
1731331072,1731332095
1731338240,1731338751
1731349504,1731351551
1731366912,1731368191
1731368448,1731369983
1731371008,1731372031
1731383296,1731385343
1731386112,1731386367
1731395584,1731396095
1731397632,1731398143
1731400704,1731404799
1731408896,1731410943
1731414016,1731416063
1731419136,1731420159
1731425280,1731426303
1731429376,1731431423
1731433472,1731435519
1731448832,1731449855
1731450880,1731451903
1731452416,1731452927
1731454976,1731457023
1731461120,1731461375
1731463168,1731464191
1731470336,1731471359
1731473408,1731475455
1731492864,1731493887
1731495936,1731496959
1731507200,1731508223
1731514368,1731515391
1731517440,1731519487
1731523584,1731526655
1731529728,1731530751
1731532032,1731532287
1731536896,1731537919
1731539968,1731540991
1731542016,1731543039
1731545088,1731546111
1731547136,1731548159
1731548672,1731549183
1731553280,1731555839
1731568640,1731569663
1731586048,1731587071
1731588096,1731590143
1731595264,1731601407
1731608576,1731609599
1731616768,1731619839
1731626752,1731628543
1731628800,1731630079
1731636480,1731637247
1731638272,1731639295
1731640320,1731641343
1731642368,1731644415
1731648512,1731649535
1731652608,1731653119
1731654656,1731655679
1731667968,1731668991
1731673088,1731675135
1731676160,1731677183
1731679232,1731681279
1731682304,1731686399
1731699712,1731701759
1731703808,1731705855
1731712256,1731713023
1731720192,1731721215
1731730432,1731731199
1731732480,1731734527
1731739648,1731741183
1731744768,1731746815
1731753984,1731755007
1731767296,1731767807
1731768064,1731770367
1731773440,1731774463
1731777024,1731777535
1731779584,1731782655
1731783680,1731788799
1731792896,1731793919
1731806464,1731807231
1731809280,1731811583
1731820544,1731821567
1731822592,1731823615
1731824640,1731825663
1731827200,1731827455
1731829760,1731830783
1731832832,1731836927
1731843072,1731845119
1731846656,1731846911
1731849216,1731858431
1731861504,1731862527
1731863552,1731871743
1731873792,1731877887
1731878912,1731879935
1731883520,1731884799
1731885056,1731891199
1731893248,1731895295
1731896320,1731899391
1731901440,1731903487
1731905536,1731908607
1731913984,1731928063
1731934208,1731939327
1731940352,1731942655
1731944448,1731945471
1731946496,1731947519
1731953664,1731954687
1731955712,1731956735
1731958784,1731959807
1731965952,1731966463
1731966976,1731975167
1731977216,1731979519
1731980288,1731986431
1731990784,1731991039
1731992576,1731993599
1731995648,1731996671
1731997696,1731999743
1732002816,1732007935
1732011008,1732012287
1732014080,1732016127
1732018176,1732019199
1732019968,1732022271
1732025344,1732026367
1732030464,1732031487
1732033024,1732033535
1732035584,1732036607
1732038656,1732040703
1732041216,1732041727
1732047872,1732048895
1732054016,1732055039
1732059136,1732060159
1732064256,1732066303
1732067328,1732068607
1732069376,1732074495
1732076544,1732077567
1732078592,1732080639
1732084736,1732085759
1732088832,1732089599
1732092928,1732093951
1732097024,1732098047
1732100608,1732107263
1732109824,1732110335
1732115456,1732116479
1732119552,1732122623
1732125184,1732125439
1732126720,1732127743
1732130816,1732134911
1732140032,1732141055
1732151296,1732152319
1732153856,1732154367
1732167168,1732167679
1732176896,1732177919
1732179968,1732182015
1732184064,1732188159
1732189184,1732190207
1732213760,1732215807
1732219904,1732220927
1732318208,1732318719
1732318976,1732322303
1732362240,1732364287
1732364800,1732365311
1732371456,1732372479
1732372992,1732373503
1732378624,1732384767
1732390912,1732391935
1732392448,1732392703
1732397056,1732400639
1732400896,1732401151
1732403200,1732404223
1732405248,1732406271
1732407296,1732410367
1732413440,1732417535
1732418560,1732421631
1732422656,1732423679
1732430848,1732433919
1732435200,1732435455
1732435968,1732436991
1732438016,1732439039
1732447232,1732449279
1732451072,1732451327
1732452864,1732453375
1732483072,1732483839
1732489728,1732491263
1732492288,1732493311
1732499712,1732499967
1732503552,1732504063
1732504576,1732505599
1732506624,1732507647
1732511744,1732512767
1732513792,1732515839
1732516096,1732516351
1732516608,1732524031
1732536576,1732536831
1732538368,1732539391
1732554752,1732555263
1732556800,1732557823
1732559872,1732560127
1732560640,1732560895
1732562432,1732562943
1732564992,1732566527
1732576256,1732579327
1732580352,1732583167
1732583424,1732590591
1732594688,1732602879
1732603136,1732603391
1732603904,1732604927
1732612096,1732613119
1732618240,1732619263
1732621312,1732623359
1732625408,1732625663
1732630528,1732633599
1732636672,1732638719
1732648960,1732649983
1732650496,1732653055
1732655616,1732655871
1732656128,1732657151
1732658432,1732658687
1732660736,1732660991
1732661248,1732662271
1732663808,1732675583
1732676352,1732676607
1732677632,1732678655
1732679680,1732683775
1732688896,1732689919
1732690944,1732695039
1732704256,1732704511
1732710400,1732712447
1732719616,1732720639
1732721664,1732723711
1732725760,1732726783
1732731392,1732737023
1732748288,1732750335
1732754688,1732754943
1732755456,1732756479
1732758784,1732759039
1732759552,1732762623
1732773376,1732774911
1732786176,1732791295
1732797440,1732799487
1732807680,1732808703
1732811776,1732812799
1732814848,1732815871
1732816896,1732817919
1732821248,1732822015
1732824064,1732825087
1732827136,1732829183
1732845568,1732846591
1732860928,1732861951
1732869888,1732870143
1732875264,1732877311
1732881408,1732882431
1732883456,1732884479
1732885504,1732886527
1732891648,1732892671
1732893696,1732894719
1732903936,1732904191
1732907008,1732908031
1732916736,1732917247
1732919296,1732919551
1732920320,1732922367
1732925440,1732928511
1732930560,1732931583
1732937728,1732939263
1732939776,1732940799
1732946176,1732946431
1732948992,1732950015
1732953088,1732954111
1732957696,1732958207
1732959232,1732960511
1732961024,1732961279
1732963328,1732964351
1732965376,1732966399
1732975616,1732979711
1732982784,1732989951
1733000192,1733001215
1733004288,1733005311
1733008384,1733011455
1733012480,1733013247
1733017600,1733019647
1733025792,1733026815
1733031936,1733032959
1733035008,1733037055
1733047296,1733049343
1733053440,1733055487
1733058560,1733060607
1733066752,1733067775
1733068800,1733070847
1733076480,1733076991
1733081600,1733083135
1733086720,1733089279
1733092352,1733094399
1733097472,1733100543
1733103360,1733103615
1733104640,1733105663
1733106176,1733106687
1733107712,1733111807
1733124096,1733125119
1733127168,1733128191
1733128704,1733128959
1733131264,1733132287
1733134336,1733135359
1733138432,1733139455
1733143552,1733146623
1733147136,1733147647
1733149696,1733150207
1733152768,1733155839
1733157888,1733158911
1733159936,1733163007
1733164544,1733167103
1733168128,1733171199
1733172224,1733173247
1733176832,1733177087
1733192448,1733192703
1733196032,1733196287
1733200128,1733200383
1733202944,1733204223
1733204480,1733204991
1733205760,1733206015
1733207040,1733209087
1733211136,1733212415
1733216256,1733218303
1733221632,1733221887
1733225472,1733226495
1733227520,1733228543
1733230592,1733231615
1733232640,1733233663
1733235968,1733236223
1733238784,1733239807
1733249280,1733249791
1733255424,1733255679
1733256192,1733257215
1733259264,1733260543
1733261056,1733261311
1733270528,1733271295
1733271552,1733274623
1733286912,1733287935
1733288960,1733289215
1733289984,1733291007
1733294080,1733296127
1733299200,1733300223
1733301760,1733302271
1733304320,1733305343
1733309440,1733309695
1733309952,1733313791
1733324800,1733326847
1733329408,1733329663
1733334016,1733338111
1733338624,1733339135
1733340160,1733341183
1733346304,1733347327
1733359616,1733360383
1733361664,1733362687
1733364736,1733365759
1733367808,1733368831
1733369856,1733371903
1733376000,1733377023
1733381376,1733382143
1733384192,1733386239
1733388800,1733389311
1733390336,1733390591
1733391360,1733392383
1733396736,1733396991
1733397248,1733397503
1733400576,1733402879
1733408000,1733408511
1733409792,1733411327
1733414912,1733416959
1733420288,1733421055
1733422080,1733424127
1733425664,1733426175
1733437440,1733438975
1733439488,1733440511
1733444096,1733444607
1733445632,1733448703
1733451776,1733453823
1733459200,1733459455
1733464064,1733466111
1733467136,1733469183
1733472256,1733473279
1733474304,1733476351
1733479936,1733481471
1733483520,1733484543
1733492992,1733493759
1733494784,1733496319
1733500160,1733500415
1733507328,1733508095
1733510144,1733511167
1733512192,1733513727
1733514752,1733515263
1733519360,1733521407
1733525248,1733526527
1733527552,1733528575
1733529600,1733531391
1733531648,1733532671
1733533952,1733534207
1733539840,1733540863
1733541888,1733542143
1733542400,1733542911
1733543680,1733543935
1733546496,1733550079
1733555200,1733558271
1733573632,1733574655
1733575680,1733576703
1733578752,1733579775
1733582848,1733583103
1733588992,1733590015
1733591040,1733592063
1733600256,1733601023
1733603840,1733604351
1733605376,1733607423
1733609984,1733610495
1733612544,1733613567
1733618688,1733620735
1733622272,1733622783
1733625856,1733626879
1733627904,1733628927
1733634048,1733634559
1733643264,1733644287
1733646336,1733647871
1733648384,1733650431
1733654016,1733654527
1733655552,1733656575
1733657856,1733658111
1733659648,1733660671
1733663232,1733663487
1733676032,1733678079
1733682176,1733683199
1733689344,1733691391
1733692416,1733695487
1733696000,1733696255
1733699584,1733700607
1733713664,1733713919
1733715968,1733716991
1733724416,1733724671
1733731328,1733732351
1733733376,1733734911
1733735424,1733736447
1733761024,1733763071
1733765120,1733770239
1733771264,1733771775
1733777664,1733778175
1733778432,1733779455
1733780480,1733782527
1733785600,1733785855
1733786112,1733786623
1733787648,1733788671
1733790720,1733791743
1733796864,1733799935
1733806080,1733806335
1733806592,1733806847
1733807104,1733808127
1733819392,1733819903
1733820416,1733821439
1733827584,1733828607
1733830656,1733831167
1733833984,1733835775
1733839872,1733840383
1733840896,1733842943
1733852160,1733855231
1733855744,1733855999
1733860352,1733861887
1733864448,1733865471
1733867008,1733867263
1733875712,1733879039
1733880832,1733882879
1733888000,1733888255
1733890048,1733890559
1733895424,1733895679
1733896192,1733897215
1733899264,1733903359
1733904896,1733905407
1733920768,1733921023
1733928960,1733929983
1733945344,1733946367
1733949696,1733949951
1733950464,1733951487
1733952512,1733953279
1733959680,1733961727
1733962752,1733963775
1733968896,1733970943
1733971712,1733971967
1733976064,1733977087
1733991424,1733993471
1733997568,1733998591
1733999104,1733999615
1734002688,1734003199
1734003712,1734004735
1734011904,1734013951
1734021120,1734022143
1734029312,1734030335
1734032896,1734033407
1734034432,1734039295
1734039552,1734043647
1734046720,1734046975
1734047232,1734047487
1734047744,1734049023
1734049536,1734049791
1734050816,1734052095
1734057984,1734059007
1734063104,1734064127
1734064640,1734065151
1734072832,1734073087
1734073344,1734074367
1734079488,1734081535
1734087424,1734087679
1734092800,1734094847
1734108160,1734109183
1734111232,1734114303
1734124032,1734124543
1734133760,1734134783
1734142720,1734142975
1734150144,1734151167
1734152192,1734152703
1734152960,1734153215
1734157312,1734159871
1734160128,1734161407
1734169344,1734169599
1734170624,1734171135
1734172160,1734172415
1734172672,1734175743
1734176768,1734178815
1734182912,1734183423
1734192128,1734194175
1734197248,1734200319
1734201600,1734201855
1734209536,1734210559
1734211584,1734212607
1734220544,1734220799
1734227968,1734228991
1734230016,1734231039
1734234112,1734236159
1734240256,1734243327
1734248448,1734249471
1734256128,1734256639
1734257664,1734258687
1734261504,1734261759
1734262784,1734263807
1734265856,1734266623
1734274048,1734274559
1734275072,1734276095
1734282240,1734283263
1734288384,1734288639
1734291456,1734291711
1734291968,1734292479
1734299648,1734301695
1734304768,1734305023
1734309888,1734310911
1734321152,1734322175
1734323200,1734324223
1734327296,1734328831
1734330368,1734331391
1734339072,1734339583
1734347776,1734349823
1734352384,1734352895
1734354944,1734358015
1734368256,1734371327
1734378752,1734379007
1734381056,1734381567
1734401024,1734402047
1734403072,1734403327
1734405120,1734406655
1734408704,1734409215
1734422016,1734422527
1734431744,1734432511
1734432768,1734435839
1734436608,1734438399
1734445056,1734446079
1734452224,1734453247
1734456320,1734458367
1734462208,1734462463
1734464000,1734465791
1734471680,1734474239
1734480896,1734481919
1734483968,1734486015
1734489344,1734489855
1734491136,1734491391
1734491648,1734492159
1734495744,1734496255
1734497536,1734497791
1734503424,1734504447
1734515712,1734516735
1734523904,1734524927
1734529536,1734530047
1734543360,1734544127
1734544384,1734546431
1734549504,1734550527
1734550784,1734551551
1734552064,1734552319
1734558720,1734559743
1734564864,1734565887
1734567168,1734567679
1734568960,1734569983
1734579200,1734580223
1734581248,1734582271
1734585344,1734585855
1734588416,1734589183
1734589440,1734594559
1734596608,1734597631
1734607872,1734609407
1734609920,1734612991
1734616064,1734617087
1734626304,1734628351
1734633984,1734634239
1734645248,1734645759
1734649856,1734650879
1734658304,1734658559
1734661120,1734664191
1734678528,1734679551
1734683392,1734683647
1734686720,1734687743
1734688768,1734689023
1734689792,1734690815
1734694912,1734696447
1734697984,1734699007
1734700032,1734703103
1734706176,1734706431
1734706688,1734706943
1734708224,1734709247
1734716416,1734716671
1734716928,1734717439
1734726656,1734727167
1734732032,1734732287
1734738432,1734738687
1734744320,1734744575
1734745088,1734746111
1734752256,1734753279
1734754304,1734757375
1734759424,1734764799
1734765056,1734765567
1734767616,1734768127
1734768384,1734769663
1734774784,1734775295
1734775552,1734775807
1734797824,1734798079
1734800384,1734800639
1734802176,1734802431
1734803968,1734804479
1734805504,1734806527
1734810624,1734811135
1734816768,1734818815
1734826496,1734828031
1734832384,1734832639
1734834176,1734835199
1734837248,1734838271
1734839808,1734840319
1734844416,1734845439
1734847488,1734847743
1734848000,1734848255
1734853376,1734854655
1734856704,1734857215
1734857728,1734858751
1734859520,1734859775
1734863872,1734864383
1734880256,1734881791
1734882304,1734883583
1734883840,1734884351
1734886400,1734886655
1734886912,1734889471
1734892544,1734893567
1734896640,1734898687
1734900736,1734902271
1734915072,1734916095
1734920704,1734921215
1734922240,1734923263
1734925568,1734927359
1734928128,1734928383
1734943744,1734946815
1734952960,1734953215
1734959104,1734959615
1734960128,1734961151
1734962176,1734963199
1734966272,1734967295
1734969344,1734969855
1734973440,1734974463
1734979584,1734980607
1734982656,1734982911
1734990336,1734990591
1734991872,1734999039
1735005184,1735006207
1735007232,1735008255
1735021824,1735022079
1735025664,1735026687
1735034880,1735035903
1735037952,1735039999
1735045120,1735046655
1735046912,1735047167
1735049216,1735050239
1735051264,1735051519
1735058432,1735060479
1735067904,1735068159
1735069952,1735070207
1735070720,1735072767
1735074816,1735075327
1735078912,1735079935
1735080192,1735080447
1735080704,1735083007
1735088128,1735091199
1735094272,1735095295
1735096320,1735096575
1735097344,1735098367
1735101952,1735102463
1735104000,1735104255
1735109632,1735111679
1735118336,1735118591
1735130112,1735131647
1735132160,1735133183
1735133696,1735136255
1735142400,1735143679
1735144192,1735144447
1735145472,1735146495
1735149568,1735153151
1735155712,1735156735
1735161088,1735161599
1735161856,1735162879
1735167744,1735167999
1735169024,1735171071
1735183360,1735184383
1735187456,1735187711
1735198208,1735198719
1735199744,1735200767
1735207936,1735208959
1735215104,1735216383
1735216640,1735219199
1735224320,1735225343
1735230976,1735232511
1735233536,1735233791
1735234560,1735234815
1735235072,1735235583
1735241728,1735244799
1735250688,1735250943
1735251968,1735255039
1735259136,1735259391
1735262208,1735263231
1735263744,1735264255
1735265280,1735268351
1735271424,1735272447
1735272960,1735273215
1735274496,1735275007
1735280640,1735281151
1735283456,1735283711
1735298048,1735298559
1735299072,1735301119
1735304192,1735307263
1735309824,1735310335
1735312128,1735312383
1735313408,1735314431
1735315456,1735316479
1735319040,1735319295
1735321600,1735328767
1735332864,1735333887
1735337216,1735337471
1735337984,1735341055
1735345408,1735346175
1735355392,1735357439
1735360512,1735362559
1735373824,1735374335
1735387136,1735388159
1735394304,1735394559
1735394816,1735400447
1735401472,1735402495
1735405056,1735405567
1735414272,1735415807
1735420416,1735420671
1735424256,1735424511
1735430656,1735430911
1735434240,1735434751
1735447552,1735449599
1735450624,1735451647
1735452160,1735452671
1735453184,1735453439
1735456768,1735459071
1735459328,1735459583
1735465728,1735465983
1735466240,1735466495
1735467008,1735468031
1735475200,1735477247
1735483392,1735484415
1735485440,1735486719
1735486976,1735488511
1735493632,1735495679
1735497216,1735497727
1735499776,1735500799
1735506944,1735507967
1735513344,1735513599
1735514112,1735515135
1735517184,1735518207
1735522048,1735522303
1735523328,1735525375
1735528448,1735528703
1735529216,1735529471
1735532544,1735533055
1735538688,1735539711
1735540736,1735541759
1735563264,1735564287
1735575552,1735577087
1735577600,1735578623
1735579648,1735579903
1735580672,1735583743
1735587072,1735588863
1735589888,1735590399
1735595264,1735595519
1735614720,1735614975
1735616768,1735617023
1735621632,1735623679
1735627520,1735627775
1735635968,1735636991
1735639552,1735640063
1735641088,1735642111
1735642624,1735643135
1735644160,1735644415
1735649280,1735649535
1735660032,1735660543
1735661568,1735661823
1735662080,1735665663
1735670784,1735671807
1735676928,1735677951
1735691264,1735693311
1735695616,1735696127
1735696384,1735697407
1735700480,1735701503
1735705600,1735706623
1735714816,1735715327
1735723264,1735723519
1735724032,1735725055
1735726592,1735727103
1735728384,1735728639
1735729152,1735731199
1735733248,1735734271
1735736320,1735737087
1735737344,1735739391
1735750912,1735751167
1735752704,1735753727
1735759872,1735761151
1735761408,1735761919
1735764992,1735767551
1735768064,1735769087
1735772160,1735773183
1735774208,1735777279
1735780352,1735782399
1735787008,1735787263
1735787520,1735789567
1735790592,1735791103
1735795200,1735795711
1735799296,1735799551
1735807744,1735807999
1735815168,1735817215
1735823360,1735824383
1735826688,1735827711
1735828480,1735830783
1735832576,1735833599
1735834624,1735835647
1735860992,1735861247
1735866368,1735867391
1735870976,1735871231
1735871488,1735872511
1735879680,1735880703
1735880960,1735881215
1735882752,1735883775
1735892992,1735895039
1735900160,1735903231
1735905280,1735906303
1735907328,1735908863
1735909120,1735909375
1735912960,1735916799
1735917056,1735918591
1735924736,1735925759
1735928064,1735928319
1735930368,1735930879
1735931904,1735933951
1735941120,1735942143
1735944192,1735945215
1735945984,1735946239
1735949824,1735951103
1735956480,1735956991
1735962624,1735963647
1735965696,1735966719
1735970816,1735971839
1735977472,1735979007
1735981056,1735984127
1735989760,1735990271
1735997696,1735997951
1736000512,1736002559
1736011776,1736013823
1736021504,1736023551
1736027648,1736027903
1736030208,1736031231
1736032256,1736032767
1736035328,1736035839
1736043008,1736044031
1736044544,1736045567
1736050176,1736050431
1736050688,1736052735
1736054784,1736055807
1736057856,1736058879
1736062208,1736062463
1736062976,1736065023
1736068608,1736068863
1736070144,1736071167
1736081408,1736083455
1736088576,1736089087
1736090880,1736091135
1736091648,1736093695
1736095232,1736095743
1736099840,1736100351
1736107008,1736109055
1736121088,1736121343
1736123392,1736124159
1736125440,1736128511
1736132608,1736133375
1736133632,1736134655
1736135936,1736136703
1736142592,1736142847
1736154112,1736154623
1736170496,1736172543
1736174080,1736174591
1736182016,1736183807
1736189440,1736189951
1736200192,1736202239
1736207360,1736207871
1736211456,1736211711
1736215552,1736216575
1736218624,1736219391
1736219648,1736220159
1736221696,1736224767
1736226816,1736227327
1736231936,1736232959
1736241152,1736242175
1736258816,1736259071
1736260864,1736261631
1736263680,1736266239
1736273920,1736274687
1736278016,1736279039
1736284672,1736285183
1736286208,1736287231
1736296448,1736296959
1736312320,1736312831
1736318976,1736319999
1736321024,1736322047
1736326656,1736327167
1736328192,1736330239
1736354048,1736354559
1736360960,1736361983
1736363008,1736363519
1736369152,1736370175
1736371712,1736372479
1736381440,1736382463
1736383488,1736385535
1736391680,1736392191
1736394752,1736395519
1736395776,1736396799
1736399616,1736399871
1736401920,1736403455
1736403968,1736404991
1736409600,1736410111
1736412160,1736413183
1736413696,1736414207
1736416256,1736417791
1736418304,1736419327
1736419840,1736420095
1736423424,1736425471
1736429568,1736430591
1736433664,1736434687
1736440832,1736441343
1736441600,1736441855
1736507392,1736508415
1736509440,1736510719
1736523008,1736523263
1736523776,1736524799
1736525824,1736526847
1736531968,1736532991
1736535040,1736536575
1736537600,1736538111
1736547072,1736547327
1736556544,1736557567
1736559616,1736559871
1736560128,1736560383
1736565760,1736566271
1736566784,1736567807
1736575488,1736575743
1736589312,1736590335
1736590848,1736591359
1736595456,1736596479
1736599552,1736601343
1736621056,1736622079
1736624384,1736624639
1736625152,1736625663
1736635904,1736636415
1736644608,1736645631
1736650752,1736651263
1736653824,1736654079
1736662016,1736662527
1736664064,1736665087
1736685312,1736686591
1736704000,1736705023
1736708096,1736708607
1736710144,1736712191
1736718336,1736719359
1736736768,1736737791
1736740864,1736743167
1736747520,1736749055
1736751616,1736751871
1736754176,1736755199
1736755968,1736757247
1736762368,1736762879
1736763648,1736763903
1736765440,1736767487
1736769536,1736769791
1736771584,1736772607
1736775168,1736775423
1736776704,1736777727
1736779008,1736779519
1736781824,1736782847
1736784128,1736784895
1736785920,1736786943
1736798208,1736798719
1736799232,1736799487
1736800256,1736802303
1736811008,1736811519
1736812544,1736813567
1736815616,1736815871
1736824320,1736824831
1736825856,1736826367
1736827904,1736828927
1736833024,1736834047
1736836096,1736838143
1736843264,1736844287
1736846336,1736847359
1736854016,1736854527
1736859648,1736861695
1736862720,1736865279
1736867840,1736869887
1736875008,1736878079
1736881152,1736881663
1736898560,1736900095
1736902656,1736903935
1736909824,1736910079
1736910336,1736910847
1736912384,1736912895
1736913920,1736914943
1736915968,1736916991
1736918528,1736918783
1736924160,1736924671
1736924928,1736925183
1736928000,1736928255
1736933888,1736934399
1736943616,1736944639
1736948992,1736949759
1736951808,1736952831
1736958976,1736959743
1736975360,1736976383
1736977408,1736978431
1736982528,1736983551
1736984576,1736985599
1736987136,1736987903
1736988416,1736990719
1737000960,1737001471
1737010176,1737011199
1737014272,1737014527
1737019392,1737019903
1737021952,1737022207
1737027584,1737027839
1737028096,1737028607
1737032192,1737032703
1737034496,1737034751
1737035776,1737036287
1737036544,1737036799
1737038848,1737039871
1737040896,1737041151
1737043968,1737044991
1737047296,1737047551
1737053184,1737053695
1737053952,1737054207
1737055232,1737056255
1737057280,1737058303
1737060352,1737061375
1737067008,1737067263
1737069568,1737069823
1737070592,1737071615
1737073920,1737074175
1737074688,1737076735
1737080832,1737081855
1737082368,1737082879
1737087488,1737087999
1737089024,1737090047
1737094144,1737094399
1737095168,1737096191
1737097216,1737097727
1737098240,1737099775
1737102336,1737103359
1737104384,1737104895
1737105664,1737105919
1737108480,1737108991
1737112576,1737113087
1737117184,1737117695
1737121792,1737122047
1737122304,1737122815
1737123840,1737124351
1737129472,1737129727
1737131008,1737131519
1737132032,1737133055
1737136640,1737136895
1737144576,1737144831
1737145344,1737145855
1737147392,1737148415
1737151232,1737151487
1737156608,1737158655
1737163776,1737164799
1737171456,1737171967
1737177088,1737178623
1737179648,1737181183
1737181696,1737182207
1737183488,1737183743
1737185280,1737185791
1737192448,1737192959
1737195520,1737196031
1737202688,1737203711
1737205760,1737206783
1737208832,1737209087
1737210624,1737210879
1737211392,1737211903
1737212672,1737212927
1737216512,1737217023
1737218816,1737221119
1737222144,1737222655
1737223424,1737223679
1737224704,1737225215
1737225728,1737226239
1737228800,1737229055
1737232384,1737233407
1737234176,1737234431
1737234944,1737235455
1737237760,1737238015
1737241088,1737241855
1737246720,1737247231
1737249792,1737250047
1737255424,1737255935
1737260032,1737260543
1737261056,1737261567
1737262848,1737263103
1737264640,1737264895
1737267968,1737268223
1737269248,1737269503
1737270016,1737270271
1737271296,1737271551
1737272832,1737273343
1737274880,1737275391
1737275648,1737275903
1737276928,1737277439
1737284352,1737284607
1737287168,1737287679
1737290752,1737291263
1737292800,1737293055
1737293312,1737293823
1737299456,1737299967
1737302272,1737302527
1737304576,1737304831
1737306624,1737308671
1737313536,1737314303
1737315840,1737317887
1737319168,1737319423
1737321984,1737323007
1737323264,1737324031
1737326080,1737326591
1737327872,1737328127
1737336320,1737337343
1737342976,1737343487
1737344512,1737344767
1737346816,1737347071
1737348352,1737348607
1737349120,1737350143
1737351936,1737352191
1737353984,1737354239
1737355264,1737355775
1737356800,1737357311
1737358336,1737358591
1737361920,1737362431
1737363456,1737364479
1737367040,1737367551
1737372928,1737373183
1737375488,1737376255
1737377792,1737378303
1737379072,1737379327
1737386496,1737387263
1737388032,1737389567
1737390080,1737390591
1737393664,1737394175
1737397504,1737397759
1737400576,1737402367
1737402624,1737402879
1737403904,1737404415
1737410048,1737410559
1737416960,1737417215
1737425664,1737425919
1737426432,1737427455
1737434112,1737435135
1737436672,1737436927
1737437696,1737438207
1737446400,1737446655
1737452544,1737453055
1737462272,1737462783
1737464576,1737464831
1737466624,1737466879
1737467392,1737468415
1737469184,1737469439
1737470976,1737471487
1737472000,1737472255
1737479168,1737480191
1737482752,1737483263
1737486848,1737487359
1737496576,1737497599
1737499648,1737500159
1737503488,1737503743
1737504768,1737505279
1737513984,1737514751
1737518592,1737520383
1737520640,1737521663
1737534464,1737534975
1737538560,1737539071
1737539584,1737540095
1737545472,1737546239
1737549824,1737550847
1737557504,1737558527
1737560064,1737560319
1737560576,1737561087
1737565184,1737565695
1737568768,1737569279
1737569792,1737570559
1737578496,1737579007
1737581568,1737581823
1737584128,1737584639
1740644352,1740645375
1740651520,1740653567
1740654592,1740655615
1740665856,1740666879
1740679168,1740680447
1740686848,1740687359
1740688384,1740689407
1740692480,1740693503
1740698624,1740700671
1740701696,1740702719
1740706816,1740709887
1740710912,1740711423
1740713984,1740719103
1740721408,1740721663
1740721920,1740722175
1740723200,1740731391
1740740608,1740742655
1740751872,1740753919
1740766208,1740767231
1740769280,1740771327
1740772352,1740776447
1740778496,1740779007
1740780544,1740784639
1740784896,1740785663
1740789760,1740790783
1740791808,1740792831
1740796416,1740796671
1740796928,1740798207
1740798464,1740798975
1740800000,1740800511
1740800768,1740805119
1740806144,1740809215
1740813312,1740814335
1740816384,1740821503
1740822528,1740825599
1740826624,1740827647
1740828672,1740829695
1740830720,1740831743
1740836864,1740837119
1740838912,1740839935
1740841984,1740845055
1740850176,1740855295
1740856320,1740858367
1740863488,1740865535
1740876800,1740880639
1740882944,1740884991
1740886016,1740893183
1740895232,1740898303
1740899328,1740901375
1740905472,1740907519
1740911616,1740912639
1740917760,1740918783
1740926464,1740926719
1740928256,1740928511
1740932096,1740933119
1740938496,1740938751
1740946432,1740947967
1740948480,1740950527
1740951552,1740957695
1740965888,1740966911
1740968448,1740968703
1740971264,1740971519
1740971776,1740975103
1740976896,1740977151
1740982272,1740983295
1740984320,1740985343
1740989440,1740990463
1740991488,1741000703
1741020160,1741022207
1741025280,1741026303
1741031936,1741032447
1741036544,1741037567
1741038080,1741038591
1741049856,1741050367
1741050624,1741050879
1741053952,1741055999
1741062144,1741062399
1741071360,1741072383
1741073408,1741074431
1741077248,1741077503
1741117440,1741119487
1741119744,1741120511
1741123584,1741124863
1741125632,1741128703
1741129728,1741130751
1741131776,1741132799
1741134848,1741136895
1741138944,1741142015
1741143040,1741145087
1741146112,1741150207
1741152256,1741153279
1741156352,1741157375
1741170688,1741173759
1741174784,1741175807
1741178880,1741183999
1741186048,1741189119
1741214720,1741215743
1741257728,1741258751
1741259776,1741264895
1741366272,1741367295
1741372416,1741376511
1741377536,1741379583
1741391872,1741392895
1741393920,1741394943
1741401088,1741402111
1741404160,1741405183
1741410304,1741411327
1741414400,1741423615
1741427712,1741428735
1741429760,1741433855
1741434880,1741436927
1741440512,1741440767
1741447168,1741447935
1741453056,1741455359
1741456384,1741457407
1741462528,1741466623
1741469696,1741472767
1741474816,1741475839
1741478400,1741478655
1741481728,1741481983
1741491200,1741492223
1741498112,1741498367
1741504512,1741505535
1741509376,1741509631
1741511680,1741512703
1741516800,1741517823
1741519872,1741521919
1741523968,1741528063
1741529856,1741530111
1741532160,1741533183
1741542400,1741544447
1741545472,1741546495
1741550592,1741551103
1741554688,1741557759
1741565952,1741572095
1741578240,1741578751
1741579008,1741581311
1741582336,1741584383
1741586432,1741591551
1741594368,1741596671
1741597696,1741597951
1741598208,1741600767
1741606912,1741607935
1741609984,1741612031
1741617152,1741618175
1741619200,1741623295
1741629440,1741631487
1741632512,1741634559
1741635584,1741636607
1741644800,1741645311
1741649920,1741658111
1741662208,1741666303
1741676544,1741677567
1741680640,1741683711
1741689856,1741690367
1741698048,1741701119
1741702144,1741706239
1741711360,1741718527
1741721600,1741722623
1741723648,1741724415
1741724672,1741725695
1741727744,1741729791
1741735424,1741735679
1741735936,1741736959
1741737984,1741739007
1741742080,1741749247
1741754368,1741755391
1741756928,1741757439
1741759488,1741760511
1741766656,1741768703
1741772800,1741773823
1741774848,1741775359
1741775616,1741775871
1741778432,1741778943
1741786112,1741788159
1741795328,1741797375
1741802496,1741803519
1741806592,1741807615
1741811712,1741812223
1741822976,1741824511
1741825024,1741829119
1741832192,1741833215
1741834240,1741835263
1741836288,1741837311
1741838336,1741840383
1741841408,1741842687
1741842944,1741843455
1741844480,1741844991
1741849600,1741850623
1741851648,1741853695
1741865472,1741869055
1741872384,1741872639
1741880320,1741881343
1741883392,1741887487
1741890560,1741892607
1741894656,1741897727
1741900800,1741902335
1741902848,1741904895
1741908992,1741911039
1741914112,1741917183
1741920256,1741921279
1741926400,1741927423
1741928960,1741930495
1741931776,1741932031
1741936640,1741937663
1741950976,1741953023
1741954048,1741955071
1741969408,1741971455
1741977600,1741978111
1741979648,1741980927
1741981696,1741984767
1741986816,1741987839
1741999104,1742000639
1742001152,1742002175
1742007040,1742007295
1742012416,1742019583
1742020608,1742022655
1742061568,1742062591
1742063872,1742064639
1742065664,1742070783
1742093312,1742095359
1742107136,1742108671
1742109184,1742113791
1742123264,1742123519
1742126080,1742127103
1742136832,1742138367
1742156800,1742157823
1742167040,1742169087
1742177792,1742178303
1742181376,1742182399
1742183424,1742184447
1742185472,1742187519
1742193664,1742197247
1742200832,1742201855
1742203392,1742207999
1742209024,1742210047
1742222336,1742223359
1742226432,1742227455
1742228480,1742230527
1742231040,1742231295
1742231552,1742233599
1742234112,1742234367
1742244864,1742247935
1742248960,1742249983
1742250240,1742257151
1742260224,1742260735
1742261248,1742264319
1742268416,1742270463
1742290944,1742293503
1742294272,1742298111
1742304256,1742314495
1742328832,1742329855
1742330880,1742331903
1742332928,1742338047
1742338304,1742338559
1742365696,1742366719
1742367744,1742380031
1742383104,1742386175
1742397440,1742401535
1742402560,1742407167
1742407680,1742410751
1742415872,1742419967
1742420992,1742421503
1742439424,1742442495
1742443520,1742444543
1742447616,1742448639
1742456832,1742460415
1742460672,1742461951
1742464000,1742465023
1742466560,1742467071
1742467584,1742469119
1742470400,1742470655
1742471168,1742472191
1742474240,1742476799
1742477312,1742482431
1742491648,1742492671
1742493696,1742494719
1742511104,1742512127
1742524416,1742528767
1742529280,1742532607
1742554112,1742558207
1742589952,1742590975
1742596096,1742597119
1742599168,1742599423
1742600192,1742601215
1742669824,1742671871
1742734336,1742735359
1742739456,1742740479
1742741504,1742743551
1742745600,1742745855
1742746112,1742746623
1742747136,1742747391
1742750720,1742751743
1742760192,1742760447
1742760960,1742761983
1742770176,1742774271
1742779648,1742779903
1742780416,1742782463
1742788608,1742789631
1742793728,1742796799
1742801920,1742802943
1742806016,1742808063
1742809088,1742810111
1742810624,1742811135
1742813184,1742815231
1742817280,1742818559
1742824192,1742826495
1742827520,1742828543
1742830592,1742833663
1742843392,1742843647
1742843904,1742844927
1742845184,1742845951
1742846976,1742847999
1742851072,1742852095
1742856192,1742857215
1742862336,1742862847
1742863104,1742863359
1742864384,1742866431
1742867200,1742867455
1742869504,1742870015
1742871552,1742872575
1742877696,1742877951
1742885888,1742887935
1742900224,1742903295
1742907392,1742908415
1742909184,1742909439
1742911488,1742914559
1742915584,1742918655
1742921728,1742923775
1742924800,1742926847
1742929920,1742930431
1742939136,1742940159
1742943232,1742945279
1742945792,1742946047
1742947328,1742948351
1742954496,1742955519
1742959616,1742960639
1742961664,1742962687
1742968320,1742970879
1742983168,1742984191
1742990336,1742991359
1743000320,1743000575
1743003648,1743007743
1743008256,1743008767
1743014912,1743015935
1743016704,1743017983
1743024128,1743025151
1743029248,1743029503
1743031296,1743032319
1743032576,1743035391
1743039488,1743040511
1743042560,1743043583
1743044608,1743045119
1743051776,1743052799
1743059200,1743059967
1743061504,1743062015
1743062272,1743062527
1743065600,1743066111
1743067136,1743068159
1743070208,1743070719
1743070976,1743071231
1743074048,1743074303
1743080960,1743081471
1743094016,1743094271
1743104000,1743105023
1743108096,1743108607
1743114240,1743114495
1743114752,1743115263
1743123456,1743124479
1743124992,1743125503
1743131648,1743132671
1743134976,1743135231
1743135744,1743136767
1743139840,1743140863
1743148032,1743149055
1743152384,1743153151
1743164416,1743166463
1743168512,1743169535
1743182848,1743184895
1743192064,1743195135
1743200256,1743201279
1743202304,1743204351
1743211520,1743212543
1743217664,1743218687
1743221760,1743222783
1743223808,1743224831
1743225856,1743226367
1743245312,1743248383
1743248896,1743249407
1743251456,1743252479
1743259648,1743260671
1743263744,1743264767
1743286272,1743287295
1743289344,1743291391
1743295488,1743296511
1743301632,1743303679
1743304704,1743305727
1743314944,1743315199
1743316992,1743319039
1743319296,1743319551
1743320064,1743321087
1743329280,1743330303
1743339520,1743340543
1743341824,1743342079
1743342592,1743343615
1743344640,1743345663
1743346688,1743347711
1743348992,1743349247
1743351808,1743353855
1743354368,1743355903
1743358976,1743359487
1743364096,1743364607
1743366144,1743367167
1743378432,1743379455
1743385344,1743386623
1743405056,1743407103
1743412480,1743412991
1743417856,1743418879
1743423488,1743424511
1743426816,1743427071
1743427584,1743429631
1743430144,1743430399
1743435776,1743436799
1743442944,1743443967
1743449088,1743451135
1743454208,1743455231
1743456256,1743457279
1743460096,1743460351
1743470592,1743470847
1743471616,1743472639
1743480832,1743481855
1743484928,1743485951
1743493888,1743495167
1743496192,1743497215
1743506944,1743507455
1743547392,1743549951
1743551488,1743552511
1743558656,1743560703
1743561728,1743563775
1743569152,1743569407
1743570944,1743571199
1743571968,1743574015
1743580160,1743581183
1743596544,1743597567
1743599616,1743600639
1743613952,1743615999
1743619840,1743620095
1743625216,1743626239
1743628800,1743629055
1743629312,1743630335
1743652864,1743654911
1743666432,1743666687
1743676416,1743679487
1743691264,1743691775
1743699968,1743700479
1743707136,1743708159
1743709184,1743711231
1743712256,1743713279
1743725568,1743726591
1743729152,1743729407
1743730688,1743731711
1743736320,1743736575
1743736832,1743738879
1743748096,1743748607
1743751168,1743754239
1743759360,1743760383
1743770880,1743771135
1743775744,1743776767
1743783936,1743784959
1743790080,1743791103
1743801344,1743802367
1743804672,1743805439
1743806464,1743809535
1743816704,1743817727
1743818752,1743819775
1743822848,1743823871
1743824896,1743825919
1743831040,1743832063
1743834112,1743838207
1743841280,1743843327
1743849472,1743850495
1743852544,1743853567
1743853824,1743854079
1743858688,1743859711
1743867904,1743868927
1743876096,1743877119
1743881216,1743881727
1743881984,1743885311
1743890432,1743891455
1743893504,1743894527
1743904768,1743905791
1743906816,1743908863
1743909376,1743910911
1743928320,1743929343
1743935232,1743935487
1743942656,1743944703
1743947776,1743948799
1743951872,1743953919
1743960064,1743962111
1743963136,1743964159
1743970304,1743971327
1743972352,1743972607
1743973376,1743974399
1743979520,1743980543
1743985664,1743990783
1743991808,1743994879
1743995904,1743997951
1744001024,1744001535
1744006912,1744009215
1744010240,1744011263
1744012288,1744013311
1744015360,1744016383
1744025600,1744026623
1744035840,1744036863
1744038912,1744039423
1744045056,1744046079
1744052224,1744053247
1744056320,1744056575
1744074752,1744076799
1744083712,1744083967
1744087040,1744088063
1744092672,1744092927
1744105472,1744106751
1744109568,1744110591
1744111616,1744113663
1744114688,1744115455
1744117760,1744118783
1744120832,1744122879
1744125952,1744127999
1744128512,1744128767
1744135168,1744137215
1744139264,1744140287
1744146432,1744146687
1744147200,1744147455
1744156672,1744158207
1744159744,1744161791
1744185344,1744187903
1744196608,1744197631
1744202240,1744202495
1744218624,1744219135
1744222976,1744223231
1744224256,1744226303
1744229376,1744230399
1744232448,1744233471
1744236544,1744237567
1744241664,1744242687
1744245504,1744245759
1744253952,1744254975
1744261120,1744261375
1744265216,1744266239
1744267264,1744268287
1744278528,1744279551
1744293888,1744294655
1744303616,1744303871
1744312320,1744312575
1744313344,1744315391
1744319488,1744319999
1744321536,1744322559
1744324608,1744325631
1744326656,1744328703
1744329728,1744330751
1744334848,1744337919
1744346112,1744347135
1744350208,1744351231
1744357888,1744358399
1744359424,1744360447
1744365568,1744366591
1744368640,1744369663
1744372736,1744373759
1744375808,1744376319
1744377856,1744378879
1744380928,1744383999
1744391168,1744393215
1744394240,1744395263
1744396288,1744397311
1744402432,1744403455
1744405504,1744406527
1744417792,1744418303
1744423936,1744424959
1744425728,1744425983
1744429568,1744429823
1744431104,1744434175
1744435200,1744436223
1744439808,1744440319
1744441344,1744442367
1744444928,1744445439
1744446464,1744447487
1744448512,1744449535
1744457728,1744458239
1744458496,1744459775
1744465920,1744466943
1744472064,1744473087
1744474112,1744481279
1744484352,1744485119
1744485376,1744486399
1744506880,1744510975
1744513792,1744514047
1744514560,1744514815
1744515072,1744519167
1744523264,1744524287
1744526336,1744527359
1744528384,1744529407
1744538624,1744539647
1744540672,1744541695
1744549888,1744551935
1744556032,1744562175
1744566272,1744567295
1744569344,1744570367
1744574464,1744575487
1744578560,1744578815
1744579328,1744580351
1744581632,1744582655
1744583680,1744584703
1744595968,1744596991
1744598016,1744599039
1744604160,1744607231
1744608256,1744609279
1744609536,1744609791
1744610304,1744612351
1744615424,1744616447
1744622592,1744624639
1744628736,1744629759
1744631040,1744631295
1744641024,1744643583
1744647168,1744648191
1744648704,1744648959
1744651776,1744652287
1744660480,1744660735
1744665856,1744666111
1744666624,1744667647
1744671744,1744673791
1744676352,1744678911
1744685056,1744686079
1744687104,1744688127
1744706304,1744708607
1744712704,1744714751
1744719872,1744720895
1744723968,1744726015
1744732160,1744733183
1744740352,1744741375
1744743424,1744744447
1744748544,1744749055
1744750592,1744752639
1744758272,1744758527
1744759808,1744762879
1744766976,1744767999
1744774144,1744775167
1744783360,1744786431
1744790528,1744792575
1744793600,1744794623
1744801792,1744802815
1744805376,1744805887
1744807936,1744808447
1744811008,1744812031
1744813056,1744814079
1744820224,1744821247
1744822272,1744823295
1744824320,1744825343
1747257088,1747257343
1747717120,1747717375
1747741184,1747741439
1747765504,1747765759
1747767552,1747767807
1747936256,1747936767
1747964416,1747965951
1749123072,1749131263
1749147904,1749148159
1749148416,1749148671
1749149184,1749149695
1749150976,1749151231
1749460736,1749461503
1749462528,1749462783
1749508096,1749516287
1750085632,1750089727
1750202368,1750202623
1750635776,1750636543
1750691840,1750692863
1750707200,1750708223
1750779904,1750780927
1750806784,1750807551
1750856704,1750857727
1751016960,1751017215
1751081216,1751081471
1751256064,1751257087
1751283712,1751284735
1751453696,1751454207
1751454464,1751454719
1751505920,1751506175
1751578112,1751578367
1751661568,1751661823
1751662080,1751662335
1751961088,1751961343
1751963136,1751963391
1751963648,1751963903
1751966464,1751966719
1751967232,1751967487
1751969536,1751969791
1751971328,1751971583
1751972096,1751972607
1751972864,1751974143
1752195328,1752195583
1752196352,1752196607
1752197888,1752198143
1752198400,1752198655
1752198912,1752199167
1752228608,1752228863
1752318464,1752319999
1752322048,1752327167
1752327424,1752330239
1752338432,1752339199
1752340480,1752340991
1752341760,1752342271
1752384768,1752385023
1752387072,1752387583
1752446208,1752446719
1752447232,1752447487
1752448256,1752448511
1752448768,1752449023
1752565504,1752565759
1752638976,1752639231
1752641536,1752641791
1752642304,1752642559
1752643072,1752643327
1752643584,1752644863
1752645120,1752645375
1752709120,1752710143
1752711168,1752712959
1752713216,1752719359
1752728064,1752729599
1752731648,1752739839
1752751616,1752752127
1752779264,1752779775
1752818688,1752820223
1752821760,1752829951
1752848384,1752850175
1752850432,1752858623
1752879360,1752879871
1752881408,1752881919
1752882688,1752883199
1752912896,1752913919
1752929280,1752930303
1752945408,1752945663
1752947456,1752947711
1752969984,1752970239
1753043968,1753044991
1753486336,1753486591
1753496064,1753496319
1753521920,1753522175
1753527552,1753527807
1753531392,1753531647
1753534720,1753534975
1753536768,1753537023
1753549312,1753549567
1754442752,1754443775
1758656512,1758657535
1758674944,1758724095
1761255424,1761255679
1763319808,1763327999
1763598336,1763602431
1778393088,1778396159
1778399232,1778400255
1781727232,1781792767
1782710272,1782841343
1783365632,1783627775
1790967808,1793064959
1805279744,1805280255
1805330432,1805330943
1805331968,1805332479
1805336320,1805336575
1805726464,1805726719
1823186688,1823186943
1833469440,1833469951
1833542656,1833542911
1845839872,1845841919
1847736832,1847737087
1848378368,1848378623
1848378880,1848379135
1848379392,1848380415
1848401920,1848404991
1848778752,1848786943
1850515456,1850519551
1856770048,1856772095
1856779264,1856780287
1856798720,1856815103
1856876544,1856880639
1860173824,1860435967
1860744192,1860745215
1860761600,1860763647
1860927488,1860951039
1860952064,1860956159
1868212224,1868214271
1868234752,1868267519
1868292096,1868294143
1868300288,1868333055
1868365824,1868431359
1870049280,1870053375
1870058496,1870059519
1870065664,1870069759
1870074624,1870074879
1870118912,1870135295
1870497792,1870499839
1870512128,1870528511
1876885504,1876886527
1876890624,1876893695
1877688320,1877691391
1877709824,1877710847
1884225536,1884291071
1886216192,1886224383
1886257152,1886322687
1886990336,1886994431
1887813632,1887830015
1888271360,1888272383
1891893248,1891942399
1896603648,1896605695
1897070592,1897136127
1897140224,1897141247
1897218048,1897222143
1897824256,1897857023
1908473856,1908539391
1909739520,1909741567
1914560512,1914564607
1914566656,1914567679
1914587136,1914589183
1914667008,1914683391
1914691584,1914695679
1914697728,1914699775
1917181952,1917190143
1917812736,1917845503
1921388544,1921391615
1921943552,1921945599
1921950720,1921951743
1921974272,1922039807
1932140544,1932145663
1933922304,1933926399
1933934592,1933942783
1933963264,1933967359
1935671296,1935933439
1936457728,1937244159
1937516544,1937518591
1937530880,1937539071
1939914752,1939931135
1940291584,1940295679
1941069824,1941071871
1941438464,1941569535
1941643264,1941651455
1945108480,1946157055
1946177280,1946177535
1946178560,1946179327
1949448192,1949448447
1949448960,1949449215
1949449984,1949466623
1950521344,1950522367
1950522880,1950523391
1950530560,1950531583
1950629888,1950646271
1950674944,1950676991
1950875648,1951137791
1952116736,1952120831
1953955840,1954021375
1958838272,1958842367
1958846464,1958847487
1959106560,1959107583
1959113216,1959113471
1959114752,1959115775
1959241728,1959243775
1959574528,1959575551
1959576576,1959577599
1959578624,1959579647
1959583744,1959584767
1959682048,1959683071
1959684096,1959684607
1959694336,1959698431
1959708672,1959709695
1959713792,1959714815
1960095744,1960097791
1960210944,1960211199
1960212480,1960212991
1960214016,1960214271
1966600192,1966602239
1969225728,1969487871
1969716736,1969717247
1969798656,1969798911
1969809408,1969811455
1970803968,1970804479
1970812928,1970813951
1975517184,1979711487
1984159744,1984167935
1985478656,1985480703
1985720320,1985724415
1985734656,1985736703
1985871872,1986002943
1986428928,1986461695
1986502656,1986503679
1989660672,1989661695
1991835648,1991901183
1993744640,1993744895
1993747200,1993747967
1993748224,1993748479
1993761024,1993761279
1993761536,1993763583
1993763840,1993764607
1993769984,1993770495
1993771264,1993771519
1993771776,1993772031
1993772288,1993772543
1993784576,1993784831
1993838848,1993839615
1993840128,1993840639
1993841152,1993841407
1997680640,1997684735
1998385152,1998389247
1998561280,1998561535
1998561792,1998562047
1998562304,1998562559
1998563840,1998564607
1998565120,1998565375
1999255552,1999256575
1999280128,1999282175
1999306752,1999372287
2001879040,2001895423
2006384640,2006433791
2007023616,2007025663
2007064576,2007065599
2011299840,2011430911
2011901952,2011906047
2013040640,2013044735
2013052928,2013061119
2015219456,2015219967
2015220736,2015221247
2015222272,2015222527
2015222784,2015223039
2015225856,2015227903
2016935936,2017460223
2018007040,2018009087
2019041280,2019045375
2019078144,2019082239
2019117056,2019119103
2022309888,2022313983
2022319616,2022319871
2022334464,2022342655
2022359040,2022375423
2033079296,2033088511
2033319936,2033321471
2033321728,2033321983
2033887232,2033889279
2036699136,2036703231
2043162624,2043165695
2045771776,2046296063
2047803392,2047868927
2050129920,2050162687
2053242880,2053308415
2053340160,2053341183
2053511168,2053513215
2053534720,2053535743
2056261632,2056263679
2057306112,2059141119
2059931648,2059933695
2063114240,2063114495
2063118336,2063118591
2063122176,2063122431
2063392768,2063400959
2063550464,2063551487
2067726336,2067791871
2070675712,2070675967
2070676480,2070677247
2070683648,2070691839
2070695936,2070696959
2070726656,2070728703
2070732800,2070734847
2072514560,2072516607
2072543232,2072575999
2075140096,2075144191
2076770304,2076835839
2079064064,2079326207
2079518720,2079522815
2080145408,2080178175
2080180224,2080182271
2080209920,2080210943
2080214784,2080215039
2080218112,2080220159
2080225280,2080226303
2080230400,2080231423
2080238592,2080239615
2080372736,2080374783
2080636928,2080702463
2080833536,2080899071
2082340864,2082406399
2083058688,2083059711
2084743168,2084745215
2087456768,2087457791
2088435712,2088632319
2090240000,2090240255
2090418176,2090434559
2090594304,2090598399
2090736640,2090737663
2096611328,2096627711
2096955392,2097020927
2098200576,2098593791
2098594304,2098623231
2098624000,2098724863
2101235712,2101237759
2101239808,2101270527
2101297152,2101313535
2103640064,2103705599
2113732352,2113732607
2147567104,2147567615
2147572736,2147573503
2147575808,2147576831
2147579904,2147580927
2147603712,2147603967
2153397248,2153397503
2159607808,2159673343
2179141888,2179145727
2179162624,2179162879
2179164160,2179166207
2180886272,2180886527
2180887296,2180887551
2182742016,2182807551
2195079168,2195079423
2197319168,2197320703
2197322752,2197323775
2212759552,2212760575
2212762624,2212764927
2212765184,2212765695
2212767744,2212769791
2212770816,2212771839
2212772864,2212779519
2212780032,2212782079
2212782336,2212784127
2212784640,2212788223
2212816640,2212816895
2214428672,2214428927
2214433792,2214434047
2224685056,2224750591
2230710784,2230711039
2230711296,2230711807
2258581248,2258581503
2258610176,2258610431
2258613760,2258615295
2261880832,2261884927
2262414336,2262415359
2270490624,2270494719
2283151360,2283159551
2293825536,2293891071
2296905728,2297036799
2302345216,2302346239
2302358528,2302360319
2302360576,2302363647
2302364672,2302365695
2302366720,2302367743
2302368768,2302370815
2302377984,2302382079
2302385152,2302386175
2302387200,2302388223
2302389248,2302391295
2302396416,2302398463
2302399488,2302400511
2302406656,2302408703
2304835584,2304901119
2322129920,2322130175
2323690496,2323690751
2330968064,2330968319
2332360704,2332368895
2332369152,2332370943
2332371968,2332374015
2332377088,2332378111
2332385280,2332387327
2332396544,2332397567
2332410880,2332411903
2332417024,2332418047
2332419072,2332423167
2332424192,2332426239
2333626624,2333626879
2335899648,2335924223
2341134336,2341134591
2342977536,2343043071
2343831552,2343833599
2343894528,2343894783
2343902720,2343902975
2354235648,2354235903
2364448768,2364450815
2364465152,2364467199
2364469248,2364473343
2364725504,2364726015
2364728576,2364729087
2364730624,2364730879
2380463616,2380464127
2387599360,2387607551
2388512768,2388516863
2407502080,2407502335
2412574976,2412576767
2416110848,2416111103
2416967680,2417033215
2418296320,2418297343
2418305024,2418305279
2418311168,2418311679
2418312704,2418313215
2418314240,2418314751
2418315264,2418315775
2418316288,2418316799
2418323456,2418323711
2418323968,2418324223
2418324992,2418326015
2418326528,2418327039
2418331136,2418331647
2418332160,2418332671
2418333184,2418334207
2418334720,2418339071
2418340864,2418341375
2418341888,2418342911
2418343424,2418343935
2419077120,2419079167
2419083264,2419085311
2419107840,2419108863
2419109888,2419110911
2419122176,2419123199
2419128320,2419129343
2454148096,2454148607
2455246848,2455247871
2455281664,2455285759
2456817664,2456817919
2456843520,2456843775
2456847872,2456848127
2456867840,2456868095
2456873472,2456873727
2462326784,2462328831
2462329856,2462330879
2462333952,2462334975
2462349312,2462350335
2471224064,2471225087
2475360256,2475393023
2482176768,2482177023
2482179072,2482179327
2483679232,2483679487
2487223296,2487224319
2501316864,2501317119
2507086848,2507087871
2512859648,2512860159
2515189504,2515189759
2523596800,2523597823
2523598848,2523601919
2523604992,2523606015
2523617280,2523621375
2523621888,2523622399
2523623424,2523626495
2523631616,2523632639
2523636736,2523637759
2523639808,2523645951
2523648000,2523651071
2523652864,2523657215
2523659264,2523660287
2525036544,2525037567
2525041408,2525041663
2525042688,2525044735
2525047808,2525050879
2525051904,2525053951
2525059072,2525060095
2525062144,2525071359
2525073408,2525075455
2525076480,2525077503
2525078528,2525083647
2525086720,2525089791
2525090816,2525091839
2525095936,2525101055
2531152640,2531153151
2531160832,2531161087
2531191552,2531191807
2532081408,2532081663
2532445184,2532449279
2532457472,2532461567
2532463616,2532464639
2532477952,2532478975
2532480000,2532481023
2532486144,2532487167
2532492288,2532495359
2532506624,2532507647
2552273920,2552274943
2553544704,2553610239
2553806848,2554068991
2554527744,2554531839
2587706624,2587706879
2589131520,2589131775
2624286720,2624287231
2632717824,2632718335
2632777984,2632778239
2632847360,2632847615
2636120064,2637430783
2641827840,2641828863
2641832960,2641833983
2641842176,2641845247
2641848320,2641850367
2641851392,2641854463
2641864704,2641865727
2641866752,2641867775
2641872896,2641878015
2641879040,2641881087
2644967680,2644968191
2648899584,2648965119
2649755648,2649755903
2649757440,2649757695
2649765376,2649765631
2649795072,2649795327
2649798144,2649799167
2649799936,2649800959
2649802240,2649802495
2650103808,2650107903
2653847552,2653849599
2653868032,2653872127
2660237312,2660302847
2671874048,2671878143
2673425920,2673426175
2673451008,2673455103
2674181376,2674181887
2675281920,2675286015
2675902464,2675902719
2676668416,2676668927
2677659904,2677660159
2685656064,2685657087
2685665280,2685666303
2685667328,2685668351
2689810432,2689812479
2689812992,2689818623
2697594880,2697596927
2697602048,2697603071
2697605120,2697607167
2697632768,2697633791
2697638912,2697647103
2699970560,2699972607
2699974656,2699976703
2709435648,2709435903
2718757888,2718758911
2721579008,2721644543
2728274944,2728276735
2728276992,2728278015
2732100608,2732101631
2737802240,2737803263
2737805312,2737806335
2737819648,2737821695
2738178048,2738182143
2738204672,2738205695
2738210816,2738214911
2738220032,2738221055
2738224128,2738225151
2742190336,2742190591
2742338304,2742338559
2742339328,2742339583
2742340864,2742341119
2742681600,2742747135
2750723072,2750723327
2750723584,2750723839
2750724608,2750724863
2754920448,2754928639
2757380096,2757380863
2757387776,2757388543
2758017024,2758082559
2762211328,2762276863
2769735680,2769739775
2770993152,2771124223
2773794816,2773798911
2773807104,2773811199
2781644800,2781645823
2783012864,2783013887
2783444736,2783444991
2806505472,2806509567
2813526784,2813527039
2813531904,2813532159
2813532416,2813532671
2813532928,2813533183
2813534208,2813534463
2813534976,2813535231
2816159744,2816163839
2816271872,2816272127
2816273408,2816274431
2823821312,2823822335
2823825408,2823825663
2823829504,2823829759
2823833600,2823834623
2823841792,2823842815
2823890944,2823891967
2823899136,2823900159
2823944192,2823945215
2828599552,2828599807
2829179904,2829180927
2837856256,2837872639
2837872896,2837873151
2845114368,2845179903
2863829760,2863830015
2868379648,2868380159
2868382720,2868383231
2868390400,2868390911
2868391424,2868391935
2868414976,2868415487
2868420608,2868423679
2868428288,2868428799
2868578816,2868579327
2868581376,2868581887
2868586496,2868588543
2868591616,2868592127
2868599296,2868599807
2868604416,2868604927
2868612608,2868613119
2868614400,2868615167
2868615680,2868616703
2868619776,2868620287
2868620800,2868621311
2872049664,2873098239
2873884672,2874146815
2890178560,2890179583
2890180096,2890180607
2890229760,2890230783
2891833088,2891833343
2891849216,2891849471
2891997952,2891998207
2892570624,2892578815
2899911168,2899911423
2899912192,2899912447
2902318080,2902318335
2916532224,2916532735
2916532992,2916533247
2917023744,2917027839
2917085696,2917086207
2917126144,2917130239
2917133056,2917133311
2928310272,2928311295
2938634240,2938699775
2939008000,2939009023
2942599168,2942608383
2942611456,2942615551
2942631936,2942697471
2943320064,2943324159
2943333376,2943334399
2943335424,2943336447
2946383872,2946392063
2947594240,2947595263
2948135936,2948136959
3002626048,3002628095
3007176704,3007177471
3025600512,3025601535
3025603328,3025603583
3025604096,3025604351
3025606912,3025607423
3025607680,3025607935
3025608192,3025608447
3025608960,3025609471
3025609728,3025610751
3025613568,3025614079
3025614336,3025616895
3025617408,3025617663
3025618176,3025618431
3025618688,3025618943
3025619712,3025619967
3025620224,3025621247
3025621760,3025622015
3025622784,3025623295
3025623808,3025625087
3025627136,3025629183
3025629440,3025629695
3025629952,3025630207
3025630976,3025631487
3025631744,3025631999
3025637120,3025637375
3025637632,3025638399
3025638656,3025638911
3025639168,3025639423
3025639936,3025640191
3025640960,3025641471
3025641728,3025641983
3025643264,3025646079
3025649664,3025666047
3025969152,3025973247
3025979392,3025981439
3026067456,3026068479
3029601280,3029602303
3029606400,3029614591
3029671936,3029680127
3029721088,3029722111
3029725184,3029727231
3029790720,3029791743
3029792768,3029793791
3029794816,3029860351
3031564288,3031572479
3031629824,3031695359
3032276992,3032285183
3033067520,3033068543
3033743360,3033745407
3033747456,3033748479
3033751552,3033759743
3033956352,3033964543
3034472448,3034473471
3034474496,3034478591
3034502144,3034503167
3035199488,3035200511
3035206656,3035207679
3035330560,3035331583
3035339008,3035339263
3054665728,3054682111
3054698496,3054731263
3054993408,3054997503
3056648192,3056664575
3056747520,3056748543
3057030144,3057031167
3057123328,3057451007
3057647616,3058696191
3059613696,3059744767
3063676928,3063742463
3064807424,3064808447
3068987392,3068990463
3069018112,3069034495
3070179328,3070180351
3075389440,3075390463
3075604480,3075735551
3075932160,3075997695
3081862144,3081863167
3082178304,3082178559
3082179584,3082181631
3088580608,3088584703
3088619520,3088620031
3088646144,3088650239
3088687104,3088687615
3088687872,3088688127
3088721408,3088721919
3088747264,3088747519
3088754944,3088755199
3088758784,3088759807
3088789504,3088793599
3088811008,3088811519
3088813568,3088814079
3088829696,3088829951
3088843776,3088844287
3088911104,3088911359
3088914432,3088915455
3088986112,3088986879
3088987136,3088987391
3088987648,3088988927
3088989696,3088990207
3089092608,3089093119
3089093376,3089093887
3089094400,3089094911
3089095424,3089095679
3089095936,3089096191
3089096448,3089096703
3090351360,3090351615
3090365440,3090365951
3090366464,3090367487
3090373632,3090374655
3090382080,3090382335
3090390528,3090390783
3092537344,3092537855
3092539136,3092539647
3092540416,3092540927
3092541184,3092541439
3092555520,3092555775
3092564224,3092564479
3092576256,3092576511
3092763648,3092764671
3105021440,3105021951
3110666496,3110666751
3116384768,3116385023
3116822784,3116823039
3117120000,3117120255
3120498688,3120498943
3221779456,3221780479
3221790720,3221795071
3221795584,3221796095
3221796352,3221796607
3221796864,3221815295
3222039808,3222040063
3223138304,3223140351
3223166976,3223171071
3224849920,3224850175
3227961344,3227962367
3228406272,3228406527
3229833728,3229834239
3230439424,3230440447
3230456832,3230457855
3230458880,3230459903
3230460928,3230463999
3231059968,3231060223
3236330752,3236331263
3237323264,3237323519
3237653504,3237653759
3237655040,3237655551
3240162816,3240163327
3241681408,3241681919
3245166848,3245167103
3248560896,3248561151
3251239936,3251240191
3257131008,3257132031
3262579712,3262579967
3262580224,3262580479
3263462144,3263462399
3263887360,3263887615
3280903168,3280904191
3280917504,3280918527
3288400128,3288400383
3288417280,3288417535
3288426496,3288426751
3288427776,3288428543
3288428800,3288429311
3288434176,3288434431
3288547584,3288547839
3289128960,3289137151
3289321472,3289325567
3291939328,3291939583
3301146624,3301163007
3301916672,3301933055
3331563520,3331563775
3333374976,3333375487
3333829632,3333830143
3341532160,3341532415
3344632064,3344632319
3347030528,3347030783
3349553664,3349554687
3354736896,3354737407
3389022464,3389022719
3389024000,3389024255
3389025536,3389025791
3389026304,3389026559
3389027072,3389027583
3389035520,3389035775
3389064192,3389064447
3389093888,3389095935
3389198080,3389198335
3389210624,3389210879
3389211136,3389211391
3389212672,3389213183
3389213952,3389214207
3389223936,3389225983
3389266176,3389266431
3389301760,3389302015
3389303040,3389303295
3389303808,3389304063
3389305088,3389305599
3389305856,3389306111
3389306368,3389306623
3389307648,3389307903
3389411328,3389411583
3389416192,3389416447
3389471232,3389471487
3389550592,3389552639
3389553664,3389554687
3389601536,3389601791
3389603840,3389604095
3389606656,3389606911
3389610752,3389611519
3389618176,3389640703
3389788160,3389788415
3389804544,3389805567
3389809920,3389810175
3389810432,3389810687
3389933568,3389933823
3389945856,3389946879
3389956096,3389957119
3390382080,3390386175
3390408192,3390408703
3390769408,3390769663
3391532032,3391533055
3391534080,3391535103
3391620608,3391620863
3391627264,3391651839
3391684608,3391686655
3391687168,3391687423
3391688704,3391717375
3391717632,3391717887
3391718400,3391718911
3391722496,3391723519
3391736832,3391737855
3391741952,3391746047
3391832832,3391833087
3391846400,3391847423
3391895552,3391896575
3391948288,3391948799
3391949312,3391949823
3392017152,3392017407
3392017920,3392018431
3392061440,3392069631
3392106496,3392108543
3392110336,3392110591
3392403456,3392404479
3392406016,3392406527
3392416768,3392417023
3392419072,3392419327
3392419840,3392420351
3392421376,3392421887
3392438272,3392438527
3392438784,3392439039
3392439808,3392440063
3392443392,3392443647
3392443904,3392444159
3392444672,3392444927
3392472064,3392475135
3392487424,3392489727
3392489984,3392499711
3392505344,3392505855
3392536576,3392602111
3392667648,3392668671
3392682496,3392683007
3392692224,3392700415
3392716800,3392733183
3392824832,3392825343
3392829440,3392830463
3392830720,3392830975
3392831232,3392831487
3392832512,3392833535
3392857088,3392857343
3392858112,3392858367
3392864768,3392865279
3392922624,3392922879
3392923392,3392923647
3392926720,3392927231
3392927744,3392927999
3392945152,3392946175
3392962560,3392963583
3392983040,3392987135
3392997376,3392998399
3393021440,3393021695
3393025280,3393025535
3393026048,3393026559
3393077248,3393085439
3393090560,3393091071
3393118208,3393122303
3393123328,3393123583
3393123840,3393124351
3393150976,3393159167
3393190912,3393191167
3393290240,3393298431
3393364992,3393366015
3393367040,3393372159
3393389568,3393390591
3393486848,3393495039
3393618688,3393618943
3393650688,3393658879
3393683456,3393691647
3393773568,3393774591
3393779712,3393780735
3393860864,3393861375
3393872384,3393873151
3393878016,3393879039
3393961984,3393963775
3393964032,3393966079
3394040320,3394040575
3394078976,3394079231
3394150400,3394154495
3394168832,3394170879
3394173696,3394173951
3394252800,3394256895
3394338816,3394347007
3394355200,3394359295
3394441216,3394453503
3394697984,3394698239
3394707456,3394715647
3394797568,3394813951
3394818048,3394830335
3394846720,3394850815
3394856960,3394857983
3394860544,3394860799
3394861056,3394861311
3394904320,3394904575
3394906112,3394906367
3394906624,3394907135
3394945024,3394945279
3394948096,3394948351
3394977792,3394985983
3394995200,3394998271
3395084288,3395088383
3395131904,3395132159
3395175168,3395175423
3395198976,3395199999
3395202048,3395202303
3395287808,3395288063
3396997120,3396999167
3397027328,3397027839
3397066752,3397070847
3397173760,3397174015
3397213184,3397213439
3397216768,3397217023
3397413632,3397413887
3397414400,3397414911
3397501952,3397503999
3397505280,3397506559
3397506816,3397507071
3397507840,3397508095
3397512960,3397513727
3397527552,3397528575
3397607424,3397623807
3397726208,3397734399
3397737472,3397738495
3397792768,3397793023
3397794560,3397794815
3397816320,3397828607
3397828864,3397829119
3397829632,3397830911
3397831424,3397831679
3397832192,3397832447
3397888000,3397889023
3397891072,3397892095
3397905920,3397906175
3397926912,3397929983
3397931008,3397933055
3398029312,3398033407
3398033920,3398034943
3398035456,3398037503
3398039552,3398040575
3398066176,3398074367
3398180864,3398189055
3398205440,3398208511
3398238208,3398279167
3398303744,3398305791
3398320128,3398336511
3398369280,3398369791
3398393856,3398394879
3398434816,3398467583
3398615040,3398616063
3398647808,3398655999
3398710272,3398713343
3398746112,3398750207
3398811648,3398819839
3398829056,3398830079
3399032832,3399036927
3399131136,3399135231
3399200768,3399201791
3399203328,3399203839
3399303168,3399311359
3399467008,3399483391
3399517184,3399518207
3399520256,3399521279
3399524352,3399528447
3399544576,3399544831
3399626752,3399630847
3399662592,3399663615
3399671808,3399679999
3399751680,3399752191
3399753728,3399761919
3399778304,3399786495
3399826944,3399827455
3399923712,3399923967
3399991296,3399995391
3400029184,3400031231
3400031744,3400031999
3400044544,3400045567
3400047616,3400048639
3400189952,3400191999
3400264192,3400264447
3400265472,3400265727
3400341760,3400342015
3400367104,3400368127
3400402176,3400402431
3400424448,3400425471
3400431616,3400431871
3400432128,3400432639
3400531968,3400532991
3400608768,3400609791
3400630272,3400646655
3400654848,3400663039
3400744960,3400753151
3400768512,3400769535
3401441280,3401449471
3401515264,3401515519
3401531392,3401532415
3401547776,3401580543
3406327040,3406327295
3406328832,3406329343
3406350592,3406350847
3406514176,3406514431
3406529536,3406530047
3406618112,3406618623
3406637056,3406637311
3406664192,3406664447
3406669824,3406670847
3406700544,3406700799
3406865664,3406865919
3406896896,3406897151
3406938624,3406938879
3406961152,3406961407
3406967552,3406967807
3406989568,3406989823
3407020800,3407021055
3407152896,3407153151
3407369984,3407370239
3407440896,3407441151
3407604480,3407604735
3407672576,3407672831
3407808512,3407809023
3407873024,3407873535
3407928576,3407928831
3407988224,3407988735
3408033024,3408033279
3409420288,3409420543
3409423616,3409423871
3409882112,3409883135
3410788352,3410792447
3410800640,3410804735
3410814720,3410814975
3410819072,3410820095
3410866432,3410866687
3410870272,3410874367
3410887680,3410887935
3410919680,3410919935
3410939904,3410943999
3410958336,3410958847
3411144704,3411145727
3411149824,3411150847
3411212800,3411213311
3411277824,3411278335
3411542016,3411550207
3411566592,3411567615
3411574784,3411582975
3411608576,3411608831
3411632128,3411633151
3411641344,3411641599
3411641856,3411642367
3411646208,3411647487
3411674112,3411674623
3411689472,3411705855
3411787776,3411795967
3411812352,3411820543
3411853312,3411857407
3411984384,3412000767
3412056064,3412057087
3412221952,3412230143
3412273152,3412275199
3412312064,3412320255
3412344832,3412348927
3412393984,3412426751
3412529408,3412529919
3412594688,3412596735
3412697088,3412705279
3412926464,3412927487
3412929536,3412930559
3412931584,3412932607
3412933632,3412951039
3413004288,3413008383
3413044736,3413047295
3413112832,3413113855
3413147648,3413155839
3413305344,3413306367
3413307392,3413308415
3413327872,3413344255
3413578240,3413578495
3413586176,3413586687
3413770240,3413786623
3413843968,3413848063
3413868544,3413884927
3413934080,3413946367
3413950464,3413966847
3414278144,3414294527
3414458368,3414466559
3414478848,3414482943
3414605824,3414616063
3414620160,3414621183
3414670336,3414670591
3415137280,3415137535
3415191552,3415195647
3415310336,3415326719
3415431168,3415432191
3415810048,3415814399
3415815168,3415816191
3415855104,3415856127
3416145920,3416154111
3416295424,3416295679
3416295936,3416296447
3416339456,3416339711
3416374528,3416374783
3416514560,3416522751
3416922368,3416922623
3416928256,3416928511
3416931328,3416932351
3417035008,3417035775
3417038336,3417038591
3417042944,3417044991
3417244672,3417245695
3417288704,3417289215
3417289728,3417291263
3417337856,3417338367
3417348352,3417348607
3417349120,3417349631
3417947904,3417948159
3418079232,3418095615
3418152960,3418155007
3418162432,3418162687
3418184192,3418184959
3418206208,3418208255
3418223616,3418226687
3418259456,3418267647
3418290176,3418290431
3418300928,3418301439
3418306560,3418308607
3418406912,3418423295
3418456064,3418472447
3418513408,3418517503
3418652672,3418750975
3418816512,3418947583
3418962944,3418963967
3418996736,3419013119
3419072512,3419073023
3419356672,3419356927
3419557888,3419558399
3419560960,3419561983
3419674624,3419675647
3419684864,3419688959
3419717632,3419734015
3419877632,3419877887
3419878144,3419878399
3420030976,3420031487
3420033024,3420034047
3420040704,3420040959
3420434432,3420434687
3420437504,3420438527
3426193920,3426194431
3427818240,3427818495
3448379392,3448379647
3448987648,3448989695
3448990720,3448991743
3455909888,3455975423
3457892352,3457892607
3468127744,3468128255
3468525568,3468529663
3473022976,3473023999
3485317120,3485318143
3510266112,3510266367
3518059008,3518059263
3518059520,3518060543
3518381056,3518381311
3523690496,3523698687
3524282368,3524288511
3524289536,3524290559
3524291584,3524293631
3524395008,3524444159
3526909952,3526918143
3526963712,3526964479
3527000320,3527000575
3527002112,3527003647
3529056256,3529064447
3529064960,3529065215
3534782976,3534783487
3536977920,3537010687
3537076224,3537174527
3537240064,3537252863
3537253120,3537300479
3537300736,3537305599
3564915712,3564915967
3567617280,3567617535
3567618048,3567619071
3588470784,3588471039
3624275200,3624275455
3624288256,3624290303
3624595456,3624599551
3627992320,3627992575
3633728768,3633729023
3634040064,3634040319
3636269824,3636270079
3636275456,3636275711
3638503168,3638503423
3639397120,3639397375
3639568896,3639569151
3649857792,3649858047
3650226688,3650227455
3663998976,3663999487
3669620736,3669622783
3673686016,3673751551
3678404608,3678535679
3680124928,3680125951
3680133120,3680137215
3680206848,3680239615
3701258240,3701260287
3701374976,3701375999
3701377024,3701380095
3701381120,3701390335
3705667584,3705929727
3715655680,3715657727
3716546560,3716653055
3716653312,3716676351
3716676608,3716677631
3743030272,3743035391
3743119360,3743120383
3743268864,3743272959
3743276032,3743277055
3743285248,3743416319
3749839872,3749840895
3749846016,3749847039
3752138752,3752140799
3752853504,3753902079
3754164224,3754229759
3755966464,3755974655
3755999232,3757047807
3758093312,3758094335